每10ms一个pitch值（Hz）
396.185
396.404
395.878
396.053
398.792
405.193
412.516
424.845
435.237
441.065
443.893
443.890
442.706
441.791
440.104
438.349
430.150
419.882
435.804
436.197
434.713
445.995
450.846
451.205
0.000
0.000
0.000
0.000
0.000
0.000
0.000
0.000
0.000
0.000
0.000
437.621
438.362
439.450
398.824
404.259
405.857
404.602
401.109
398.179
395.752
393.112
391.698
392.291
392.985
393.518
394.145
393.268
392.561
391.207
390.620
391.825
393.734
393.341
394.387
394.193
393.708
393.808
393.055
393.070
393.451
393.100
392.596
392.329
388.913
375.156
345.689
338.849
381.540
393.393
396.610
0.000
0.000
0.000
0.000
0.000
0.000
0.000
270.402
289.554
305.641
319.647
330.921
337.818
337.687
330.669
322.511
311.603
301.372
292.855
293.494
296.473
309.851
322.769
335.048
341.486
343.838
341.718
335.450
321.749
311.083
298.121
288.654
287.602
294.381
308.341
318.169
332.370
341.317
347.620
346.720
356.623
0.000
0.000
0.000
0.000
0.000
0.000
0.000
0.000
0.000
0.000
0.000
0.000
0.000
0.000
0.000
0.000
0.000
0.000
0.000
0.000
0.000
0.000
0.000
0.000
0.000
0.000
0.000
0.000
0.000
0.000
0.000
0.000
0.000
0.000
0.000
0.000
0.000
0.000
0.000
0.000
0.000
0.000
0.000
0.000
0.000
0.000
0.000
0.000
0.000
0.000
368.011
384.428
395.629
398.772
399.019
397.267
395.035
393.234
392.948
391.886
390.788
389.823
390.360
395.599
402.743
411.185
422.454
431.724
438.131
441.755
440.909
439.165
438.104
438.632
439.292
440.624
440.852
441.635
441.516
442.262
441.260
439.860
439.259
438.810
438.293
437.163
433.185
430.822
430.784
427.710
425.482
425.171
424.022
420.028
415.644
410.124
402.910
398.744
395.326
391.782
390.539
389.893
390.111
390.891
392.137
393.580
394.381
394.959
395.379
394.780
392.011
386.193
373.934
355.851
349.862
338.734
333.003
329.056
327.015
326.501
327.310
328.711
331.739
333.279
333.535
333.135
331.031
328.651
327.688
325.997
324.582
323.391
321.988
321.605
322.839
329.066
338.178
344.978
345.909
344.955
343.508
340.100
333.819
326.076
321.865
316.749
317.027
317.875
322.448
327.948
332.237
336.412
341.100
343.446
342.237
340.647
335.013
321.580
313.740
299.993
292.877
291.971
291.189
299.420
310.825
318.142
320.101
0.000
0.000
0.000
0.000
0.000
0.000
0.000
0.000
0.000
307.187
321.942
318.292
316.580
318.789
318.668
323.125
325.702
312.499
314.779
316.750
344.907
341.717
320.416
324.151
0.000
0.000
0.000
0.000
0.000
0.000
316.208
316.744
319.495
320.858
335.335
339.902
341.938
341.659
340.706
342.865
351.318
0.000
0.000
0.000
0.000
0.000
0.000
0.000
0.000
0.000
0.000
0.000
0.000
265.948
271.388
307.331
328.841
348.321
371.157
385.660
395.724
399.080
396.500
391.950
389.003
387.612
387.789
390.059
395.791
404.158
415.631
421.828
437.813
443.440
444.107
442.528
442.141
442.763
442.033
441.202
442.123
441.176
440.315
437.601
435.224
428.235
0.000
0.000
0.000
0.000
0.000
0.000
0.000
0.000
0.000
0.000
0.000
0.000
0.000
0.000
0.000
508.377
505.544
500.676
496.983
493.848
490.745
490.613
491.219
492.085
492.166
492.711
493.707
494.321
494.714
495.577
496.401
496.923
496.668
495.664
495.575
496.033
495.784
495.920
496.348
497.080
497.078
496.053
496.060
496.881
497.843
497.999
497.118
496.305
496.249
495.960
495.223
494.903
494.544
494.618
494.718
494.393
493.598
492.243
491.401
491.537
491.907
492.341
493.613
495.680
496.443
496.332
496.203
494.909
491.645
487.425
482.614
477.890
481.347
485.510
491.847
503.787
514.034
522.080
527.145
528.170
526.089
521.038
515.384
511.522
510.983
513.150
518.046
523.429
525.820
522.902
510.938
497.090
495.571
0.000
0.000
0.000
0.000
0.000
0.000
0.000
0.000
0.000
0.000
0.000
0.000
495.997
511.439
514.369
509.950
504.832
498.407
493.814
491.588
490.625
490.838
491.429
491.913
491.813
492.898
494.501
496.205
497.300
497.124
496.399
495.799
495.858
496.699
496.816
496.605
496.500
496.339
496.325
496.477
496.728
496.711
495.973
495.585
494.370
491.448
487.234
479.619
465.490
449.085
438.564
435.802
437.386
439.587
441.685
443.712
443.607
442.006
441.054
440.895
440.991
441.197
439.460
435.809
442.406
0.000
109.933
110.044
110.169
110.167
110.148
110.177
110.108
0.000
0.000
0.000
0.000
0.000
0.000
0.000
0.000
393.986
394.060
394.871
394.940
394.311
393.723
392.813
392.243
392.099
392.367
392.738
393.252
392.969
392.405
391.731
391.866
392.001
392.256
392.407
392.436
392.675
392.960
392.982
393.206
393.761
393.712
392.885
392.152
390.224
386.422
380.279
374.366
364.762
348.860
331.651
320.224
315.199
318.003
321.491
324.638
329.037
331.719
333.304
334.134
331.232
320.337
300.871
301.192
327.417
327.039
324.350
0.000
0.000
0.000
0.000
0.000
0.000
332.738
310.751
306.480
314.152
322.520
330.940
334.854
335.803
332.739
326.888
319.966
315.686
314.163
313.754
316.704
321.888
326.037
330.227
335.700
341.606
344.226
342.345
341.016
336.456
326.178
318.782
315.594
311.304
311.539
317.368
325.084
336.334
347.864
357.762
359.943
358.701
350.492
340.812
340.463
346.711
343.237
342.115
346.339
341.038
337.356
342.946
345.159
341.863
337.635
341.186
342.829
340.774
341.479
327.791
326.970
326.707
332.295
0.000
0.000
0.000
0.000
0.000
0.000
0.000
0.000
0.000
0.000
0.000
0.000
0.000
0.000
0.000
0.000
0.000
0.000
0.000
0.000
0.000
0.000
0.000
0.000
0.000
199.234
200.484
200.802
195.318
194.001
193.358
193.337
194.353
195.267
196.360
196.955
196.944
197.861
199.700
201.652
204.610
208.393
211.248
214.041
216.994
218.805
218.392
217.603
219.161
221.613
221.726
220.005
217.945
214.810
209.484
208.088
0.000
0.000
0.000
0.000
0.000
0.000
0.000
0.000
0.000
0.000
0.000
0.000
0.000
265.779
262.820
261.366
260.390
260.354
260.098
260.075
260.602
260.386
260.525
260.779
260.995
262.190
262.612
263.379
263.745
263.202
262.732
262.619
263.270
263.988
263.710
262.658
262.075
261.216
259.917
257.284
249.076
239.859
235.140
250.538
250.677
257.328
0.000
0.000
0.000
0.000
0.000
0.000
0.000
0.000
239.792
241.102
248.541
252.107
255.476
260.312
264.880
266.343
265.485
263.420
260.833
258.760
257.633
256.952
257.288
259.499
263.109
267.043
271.759
277.322
286.279
294.780
300.193
301.924
301.743
298.312
292.514
286.894
279.026
273.120
273.914
276.060
279.837
289.121
296.819
303.816
306.890
311.431
313.490
312.013
307.233
300.219
293.125
288.519
281.736
274.780
273.153
271.668
276.296
279.261
284.571
294.468
305.856
307.304
309.001
314.367
311.052
308.913
306.496
301.002
298.928
295.267
291.181
281.419
279.216
278.628
279.301
293.397
302.635
304.294
303.806
306.040
309.886
311.830
314.106
314.705
308.013
301.796
305.537
301.153
299.602
304.873
298.867
298.813
297.686
294.010
0.000
305.601
306.341
321.495
320.551
315.822
313.395
279.677
280.426
276.779
278.650
285.619
287.063
282.646
280.863
281.193
310.387
306.172
279.465
283.138
284.725
298.061
324.701
324.670
0.000
0.000
0.000
0.000
0.000
0.000
0.000
0.000
0.000
0.000
0.000
0.000
0.000
0.000
0.000
0.000
0.000
0.000
251.065
245.662
246.855
255.051
260.204
262.000
261.594
260.208
258.617
257.879
257.879
257.691
258.710
259.645
260.564
262.007
263.556
264.923
265.566
265.414
264.742
263.565
262.725
262.665
262.611
262.580
262.729
262.873
263.161
263.312
263.701
263.549
263.067
260.887
256.461
240.896
233.555
255.217
261.210
261.195
261.596
249.239
245.964
226.136
213.787
216.984
226.864
230.456
238.914
248.885
254.895
258.688
262.822
264.372
263.440
261.906
260.651
259.539
259.879
261.263
265.268
270.264
274.931
281.203
289.301
294.162
296.944
295.111
294.736
294.608
293.743
294.764
293.031
294.171
296.453
294.838
295.894
294.540
287.899
278.845
264.050
259.511
265.256
280.428
278.538
271.981
262.776
275.211
281.636
309.724
318.090
324.943
330.653
332.483
332.694
331.640
329.867
328.374
327.488
327.076
327.393
328.220
329.607
330.956
331.412
331.404
331.610
331.835
331.643
331.466
330.693
329.528
329.366
330.077
330.460
329.316
325.979
326.744
329.677
329.756
329.677
329.086
327.362
326.829
336.222
326.893
327.902
332.456
325.318
331.867
332.401
333.350
326.853
306.510
320.084
330.446
334.651
336.320
336.418
335.387
333.836
332.780
331.450
330.432
329.647
328.168
328.294
332.383
336.438
350.889
354.587
355.274
370.764
378.423
388.360
400.107
405.654
408.550
405.834
399.424
392.001
390.346
385.255
129.627
130.977
132.046
132.523
133.267
132.419
132.648
133.824
133.720
132.913
129.768
132.788
133.054
133.616
0.000
0.000
0.000
0.000
0.000
0.000
0.000
0.000
0.000
0.000
0.000
0.000
0.000
0.000
0.000
0.000
343.788
333.029
324.505
318.364
313.186
309.071
304.034
299.787
299.062
298.302
297.124
295.224
293.984
294.654
295.176
295.539
295.760
296.037
295.234
294.001
293.671
293.191
293.462
293.688
293.296
293.495
296.279
297.144
296.256
294.985
294.025
293.371
292.693
292.297
292.277
292.117
292.008
292.584
293.672
294.818
295.905
296.550
297.593
298.489
297.784
295.562
289.374
267.046
272.221
294.634
293.144
294.245
294.316
293.414
290.516
0.000
0.000
0.000
0.000
0.000
0.000
0.000
296.006
296.005
291.009
293.860
296.748
293.669
292.663
295.810
299.805
299.880
299.327
298.051
296.127
293.203
291.567
290.371
290.515
292.582
295.754
299.871
308.041
318.149
323.630
328.905
336.394
339.270
340.318
335.680
327.920
324.504
320.757
313.807
311.175
313.681
318.734
321.782
326.585
332.702
338.257
345.833
346.623
343.319
344.678
338.748
330.502
319.923
311.002
306.813
303.604
305.676
310.650
318.390
324.370
327.623
332.412
336.048
341.920
348.962
345.026
343.480
339.537
332.329
318.429
307.008
304.995
304.190
306.577
310.016
320.318
325.698
330.100
334.707
339.088
342.125
344.110
340.268
334.712
324.792
318.339
317.542
311.200
303.113
303.000
304.248
310.370
312.773
320.554
326.531
329.036
336.954
344.916
351.187
348.385
347.184
342.148
333.420
330.593
326.715
318.965
318.135
320.159
318.064
320.599
324.631
323.478
324.195
341.390
346.421
350.804
355.048
350.950
337.428
333.958
0.000
0.000
330.586
327.120
328.458
333.136
337.495
339.323
339.981
341.132
344.273
0.000
0.000
0.000
0.000
0.000
0.000
0.000
0.000
0.000
0.000
0.000
0.000
0.000
338.286
339.122
343.543
0.000
0.000
0.000
0.000
0.000
0.000
0.000
0.000
0.000
0.000
0.000
0.000
0.000
0.000
0.000
0.000
0.000
0.000
0.000
0.000
0.000
0.000
0.000
0.000
0.000
0.000
0.000
0.000
0.000
0.000
0.000
0.000
0.000
0.000
0.000
0.000
0.000
0.000
0.000
0.000
0.000
0.000
0.000
0.000
0.000
0.000
0.000
0.000
0.000
0.000
0.000
0.000
0.000
0.000
0.000
0.000
0.000
0.000
0.000
0.000
0.000
0.000
0.000
0.000
0.000
0.000
0.000
0.000
0.000
0.000
0.000
0.000
0.000
0.000
320.239
335.818
356.704
380.228
393.046
398.692
398.888
396.881
394.545
391.228
389.460
390.560
391.044
393.029
395.881
400.610
409.941
418.648
427.069
435.218
441.448
443.976
444.057
442.900
441.918
440.798
440.745
440.403
440.729
440.347
439.845
428.241
412.442
398.961
398.195
415.915
442.455
437.006
0.000
0.000
0.000
0.000
0.000
0.000
0.000
0.000
0.000
0.000
0.000
0.000
422.231
412.770
404.551
399.952
396.171
393.148
391.158
390.183
389.696
389.506
389.136
389.529
390.553
391.338
391.070
388.731
384.473
378.848
370.244
356.813
348.255
332.633
316.526
311.511
313.818
317.512
321.878
325.578
328.706
332.301
336.547
340.414
337.327
332.199
328.864
328.228
327.687
327.312
326.900
325.982
324.754
324.674
327.697
333.182
341.404
344.235
343.059
340.757
337.761
329.696
326.085
323.017
320.310
318.860
317.716
317.179
319.818
325.733
333.739
341.446
345.097
342.735
338.457
330.670
324.177
323.491
322.305
316.828
319.567
327.640
330.064
334.583
343.137
352.075
361.259
364.111
340.277
0.000
0.000
0.000
0.000
0.000
0.000
0.000
0.000
0.000
0.000
0.000
0.000
0.000
0.000
0.000
0.000
0.000
0.000
0.000
0.000
0.000
0.000
0.000
0.000
0.000
0.000
0.000
0.000
0.000
0.000
0.000
0.000
0.000
0.000
0.000
459.278
445.635
461.995
442.366
437.354
452.094
0.000
0.000
0.000
0.000
0.000
272.635
289.157
323.041
341.232
362.330
371.046
375.764
380.000
384.834
387.699
390.872
393.985
393.996
392.773
391.895
393.409
396.128
401.771
413.248
424.897
435.814
443.411
446.232
442.476
437.864
433.463
429.664
428.442
430.205
435.597
443.176
449.671
452.432
449.619
440.221
422.792
421.050
406.557
0.000
0.000
0.000
429.458
418.720
410.905
447.490
448.357
423.421
414.805
415.511
419.692
417.379
409.638
402.402
395.752
391.308
390.549
393.037
395.158
395.989
396.749
396.586
395.178
392.517
388.761
382.145
366.809
354.489
345.367
337.970
334.870
110.864
111.407
111.460
111.262
111.011
110.710
110.362
109.913
109.511
109.359
109.357
109.323
109.149
108.843
108.543
108.179
108.224
109.093
110.261
111.518
112.884
113.734
113.468
112.528
110.760
109.535
108.412
160.479
159.188
159.002
160.519
162.163
165.312
167.820
170.158
171.187
169.096
166.181
163.609
161.226
159.758
157.943
154.175
154.533
158.612
161.867
164.790
166.896
120.291
120.676
120.195
121.079
0.000
0.000
0.000
162.413
160.871
160.805
161.522
162.360
163.360
162.766
164.242
164.383
164.477
0.000
483.392
483.028
479.882
481.556
474.327
470.956
476.660
473.701
477.026
477.161
477.146
479.379
477.434
475.162
163.791
163.648
164.627
164.313
164.724
164.731
164.715
164.648
163.930
163.627
163.987
163.845
164.095
163.807
164.319
164.196
164.305
163.777
250.159
267.058
282.993
305.933
327.562
350.783
369.406
381.932
390.671
394.155
395.396
392.106
387.311
384.345
383.728
387.687
393.827
403.450
414.336
427.205
436.543
441.594
443.106
441.903
441.943
442.002
442.848
441.960
440.341
437.427
432.554
419.078
405.293
0.000
0.000
0.000
0.000
0.000
0.000
0.000
0.000
0.000
0.000
0.000
0.000
0.000
0.000
461.696
463.631
491.778
500.262
502.352
499.344
496.406
494.239
493.708
493.265
492.908
492.357
492.168
491.710
491.786
491.907
492.732
494.318
495.849
496.211
496.296
496.070
495.972
496.470
497.047
497.067
496.821
496.292
495.493
494.670
493.974
493.246
492.607
493.172
494.003
494.603
494.651
494.333
493.983
494.456
498.826
497.701
495.102
494.158
494.364
495.187
495.616
495.664
495.513
495.218
494.446
493.552
492.407
490.272
486.714
482.256
479.647
485.275
491.172
500.319
508.795
517.129
522.722
525.073
525.091
520.998
518.941
516.447
516.492
517.929
520.075
522.630
524.892
525.879
526.384
526.972
525.511
522.825
521.897
520.551
517.354
514.498
511.579
508.566
505.239
507.558
508.414
504.407
500.603
496.708
492.908
491.911
491.420
491.802
492.459
493.561
494.298
494.933
494.717
494.435
494.342
493.948
493.878
493.836
494.458
494.938
494.835
494.975
495.391
495.854
496.874
497.397
497.541
497.645
497.675
496.826
496.032
494.952
494.388
492.665
487.000
477.316
458.828
442.134
437.050
441.318
448.068
449.385
448.769
446.691
443.206
440.042
437.955
434.915
433.756
435.899
439.928
449.339
448.653
445.228
439.933
433.562
426.601
444.042
443.224
464.575
472.800
473.463
499.027
495.928
495.750
487.825
484.898
480.052
479.090
443.005
401.411
397.537
399.217
400.473
401.100
401.351
400.486
399.901
398.231
396.780
396.897
398.661
403.660
409.955
421.975
433.460
440.860
446.822
447.835
446.524
444.005
440.195
436.964
433.905
433.326
434.843
436.119
437.734
439.094
441.306
442.618
443.264
443.758
443.019
441.178
439.136
436.036
429.617
424.081
435.160
441.144
443.053
0.000
0.000
0.000
0.000
0.000
0.000
428.438
452.463
457.185
454.322
442.161
446.109
443.856
444.566
442.197
442.879
444.529
453.077
456.262
453.534
449.387
444.192
439.779
438.606
435.975
433.733
436.036
437.271
441.251
445.066
446.483
448.115
451.311
448.926
444.603
440.932
437.204
431.871
428.378
428.390
427.788
432.621
437.011
444.072
452.490
454.780
459.642
463.839
464.415
452.604
455.762
450.332
443.753
444.164
442.123
444.112
440.518
436.216
437.879
442.747
444.949
442.354
442.123
448.854
437.459
432.425
438.251
438.217
436.868
440.781
441.893
440.689
442.436
443.714
449.753
451.082
433.605
437.031
435.420
452.407
437.308
436.443
441.570
443.868
443.779
441.412
437.391
437.087
433.462
429.141
432.113
433.965
436.931
438.758
440.380
441.524
437.700
0.000
0.000
0.000
0.000
0.000
0.000
399.468
427.987
443.676
451.581
452.168
448.922
443.095
439.513
438.707
436.494
436.765
436.708
435.473
435.126
435.799
437.713
438.970
439.329
438.726
439.258
440.552
443.296
446.405
448.035
450.448
448.578
443.278
444.036
444.860
444.013
442.231
438.566
439.019
441.578
441.917
441.637
441.699
440.047
437.842
438.132
438.746
442.040
0.000
0.000
0.000
287.149
292.870
297.672
298.932
298.420
297.015
295.749
294.232
293.596
293.490
292.941
292.974
292.911
292.737
294.553
296.772
298.971
304.183
309.158
314.781
320.392
326.016
329.017
329.994
330.323
329.831
329.393
329.617
329.160
328.978
329.242
329.504
329.852
330.259
330.089
330.419
330.930
330.498
328.150
324.344
321.728
318.638
314.322
310.472
310.595
314.952
302.851
298.606
595.383
591.918
589.987
590.932
589.486
588.791
589.492
589.665
589.719
588.788
588.751
589.374
590.185
590.355
590.194
590.245
589.850
589.198
589.183
589.585
589.863
590.677
590.457
590.455
590.311
591.082
591.397
590.655
589.897
589.012
588.259
586.040
581.556
575.884
588.873
308.345
303.019
599.408
599.188
599.455
597.513
594.694
590.178
585.807
584.751
582.683
581.609
581.251
580.094
582.367
586.577
593.481
595.568
594.698
596.052
594.626
593.998
593.122
588.917
586.008
579.674
575.364
580.247
583.656
583.709
585.385
585.269
588.931
591.200
590.314
590.416
590.623
596.082
599.258
0.000
0.000
0.000
0.000
0.000
0.000
292.953
293.036
294.491
296.228
295.687
295.447
295.205
294.724
296.148
294.963
294.968
298.442
299.990
0.000
0.000
0.000
0.000
0.000
0.000
0.000
0.000
0.000
0.000
0.000
0.000
0.000
0.000
0.000
0.000
0.000
297.126
294.230
293.223
292.458
294.782
0.000
551.924
542.278
551.637
577.958
589.437
590.356
590.694
590.422
591.144
591.582
592.450
593.750
593.801
593.096
591.327
588.909
587.370
590.845
597.748
303.503
311.705
320.625
329.509
332.343
333.144
331.975
330.984
329.935
328.741
326.981
326.426
327.742
328.812
329.868
330.017
330.458
330.963
331.088
327.581
326.460
328.211
325.797
595.728
592.420
589.012
594.075
596.445
307.941
304.496
302.164
599.315
595.775
592.028
589.249
587.890
587.248
586.706
585.951
585.779
587.189
588.317
588.910
588.914
589.817
589.779
590.321
590.999
591.339
591.661
591.395
590.026
588.798
588.622
589.104
589.468
589.070
588.207
587.762
587.800
587.846
587.842
587.935
588.076
587.854
587.669
587.648
587.798
587.952
589.103
589.699
590.212
590.704
591.306
590.812
590.756
591.072
590.469
590.693
591.204
590.954
590.141
589.973
588.701
587.795
589.596
592.563
597.920
302.769
306.908
314.882
321.426
326.378
328.566
330.308
329.210
327.916
326.861
326.824
327.837
329.071
330.650
330.762
331.506
332.461
332.025
329.800
325.278
318.658
304.944
579.623
569.901
553.521
506.336
471.058
454.226
440.222
434.445
436.467
438.841
450.437
448.939
445.515
445.189
444.414
442.694
440.575
440.561
440.929
440.769
439.873
438.755
438.467
438.196
439.507
444.640
451.652
463.897
489.604
493.524
499.222
500.342
499.680
496.861
492.989
489.807
486.921
483.946
484.470
488.891
494.078
497.707
501.666
506.296
514.576
517.570
515.806
505.014
501.199
510.789
521.179
523.222
0.000
162.319
162.654
164.131
164.940
164.757
164.938
165.815
0.000
0.000
0.000
510.304
495.890
483.107
489.510
492.082
490.298
491.622
498.806
497.870
475.686
484.471
479.955
492.759
0.000
0.000
0.000
0.000
0.000
221.491
220.411
222.546
221.449
220.632
219.738
218.160
198.190
198.018
198.163
198.011
198.075
397.429
396.802
393.111
392.879
395.822
396.298
395.057
394.038
393.140
392.434
391.980
391.881
392.004
392.887
393.843
394.328
394.535
394.235
393.585
394.035
394.387
394.458
394.373
394.172
394.079
393.750
393.230
392.984
393.028
392.735
392.454
392.445
392.874
392.817
393.026
393.209
392.841
392.651
392.153
390.961
390.091
389.739
390.451
392.175
393.160
392.319
392.278
393.216
393.691
393.911
393.961
393.637
393.623
394.302
395.828
398.747
402.231
405.700
409.677
414.492
421.386
427.558
432.839
438.503
441.041
441.338
441.256
440.329
440.822
438.392
438.528
437.335
437.152
439.324
440.387
440.306
440.753
440.161
439.675
439.272
438.677
436.136
434.811
428.532
420.730
416.353
413.302
409.698
401.865
400.961
400.303
397.877
399.284
398.149
397.235
395.395
396.229
394.355
394.049
394.435
397.552
403.371
408.469
418.522
428.905
436.665
439.971
443.419
441.989
440.031
435.966
433.249
429.266
424.412
421.504
424.333
429.998
433.412
440.134
446.113
450.170
449.743
449.010
450.545
451.809
447.381
441.217
435.487
430.257
426.149
426.690
425.235
424.939
429.546
439.270
447.682
451.724
453.298
455.710
455.527
450.149
445.779
441.213
439.038
435.272
426.186
426.425
426.178
425.203
430.933
438.372
444.735
449.871
451.086
451.898
452.983
453.432
453.685
451.777
448.644
444.554
439.709
436.181
429.523
427.427
428.973
429.456
432.119
436.207
442.647
449.314
449.920
447.839
447.994
451.802
449.270
443.100
440.667
438.315
433.690
427.493
427.185
426.675
425.694
430.100
434.234
436.420
440.934
446.286
444.649
437.739
435.022
441.218
441.244
440.780
436.766
429.681
435.253
434.808
440.145
437.210
436.266
441.027
444.796
443.903
445.498
442.117
438.879
436.168
434.878
434.142
435.606
435.973
435.031
435.704
434.808
433.404
428.031
433.129
441.499
440.454
444.561
442.250
441.182
441.369
435.308
436.229
439.559
434.779
430.579
0.000
0.000
435.305
0.000
0.000
0.000
0.000
448.426
449.315
0.000
0.000
438.423
437.486
434.364
431.812
432.716
435.854
437.349
0.000
0.000
444.499
443.933
443.891
0.000
0.000
0.000
0.000
0.000
444.883
439.230
437.188
437.547
439.942
439.461
439.248
443.491
447.821
0.000
0.000
0.000
0.000
0.000
0.000
0.000
0.000
0.000
0.000
0.000
0.000
0.000
0.000
0.000
0.000
0.000
0.000
0.000
0.000
0.000
0.000
0.000
0.000
0.000
0.000
0.000
0.000
0.000
0.000
0.000
0.000
0.000
0.000
0.000
0.000
0.000
0.000
0.000
0.000
0.000
0.000
0.000
0.000
0.000
0.000
0.000
0.000
0.000
0.000
0.000
0.000
0.000
0.000
0.000
0.000
0.000
0.000
0.000
0.000
0.000
0.000
