每10ms一个pitch值（Hz）
0.000
0.000
0.000
0.000
0.000
0.000
0.000
0.000
0.000
0.000
216.995
213.920
218.376
220.778
221.352
220.258
217.846
216.097
214.974
214.559
214.781
216.147
218.489
220.494
223.733
228.266
233.306
241.868
248.224
252.142
253.969
253.393
251.780
249.578
247.374
245.568
244.340
243.427
241.349
236.834
224.699
207.040
211.569
0.000
0.000
0.000
0.000
0.000
0.000
0.000
0.000
205.035
201.034
200.471
200.858
201.019
200.569
200.433
195.942
193.750
193.145
191.927
191.754
192.315
192.266
190.663
187.106
188.181
187.066
184.591
181.223
177.584
170.627
157.631
158.585
157.245
159.184
163.051
165.806
168.962
170.605
170.923
171.045
170.665
168.716
167.728
166.159
159.925
150.591
154.201
0.000
0.000
0.000
0.000
0.000
0.000
169.111
169.589
168.303
166.711
165.075
163.268
161.139
160.363
160.669
160.858
161.421
162.114
162.610
163.313
163.664
163.886
164.322
164.008
163.372
162.319
161.240
160.500
160.531
161.309
161.701
162.080
161.770
161.102
160.650
160.665
161.212
161.707
162.567
163.110
162.761
162.281
161.625
160.948
160.129
159.854
159.610
158.877
157.533
156.720
156.227
156.097
156.663
157.723
159.303
160.572
160.967
160.591
160.315
160.423
160.944
159.524
80.035
79.522
78.730
77.804
76.473
0.000
0.000
0.000
0.000
143.137
137.953
132.039
135.243
134.536
130.832
132.306
132.364
128.911
129.228
130.474
136.250
148.442
155.343
161.711
167.348
173.817
180.688
188.758
193.792
195.797
195.888
195.505
194.689
193.662
193.539
194.216
195.526
197.325
198.729
199.782
200.676
202.173
205.333
210.950
214.208
219.468
225.242
228.871
230.100
228.864
226.683
224.526
222.766
222.036
222.212
222.457
222.701
222.693
222.259
221.643
220.399
218.279
215.999
213.755
209.472
202.839
195.734
193.638
191.862
191.303
193.738
198.586
201.243
202.847
202.881
202.039
200.630
199.091
197.873
196.715
195.324
194.264
194.403
194.714
194.402
194.098
193.034
191.096
186.742
182.986
178.968
173.557
166.865
155.798
163.236
151.453
152.582
155.887
158.777
163.093
164.361
166.434
168.311
167.841
166.736
164.737
162.740
162.799
163.847
165.305
166.771
168.800
170.311
171.100
173.489
171.937
168.519
167.158
166.212
165.385
164.110
163.532
163.406
163.234
163.088
162.807
161.718
160.451
159.113
158.046
157.766
158.379
156.615
156.951
158.650
160.036
162.184
163.667
164.291
163.634
163.499
162.352
160.824
159.232
158.273
156.742
154.771
154.184
152.734
147.467
0.000
0.000
0.000
0.000
160.384
159.367
158.709
0.000
0.000
0.000
0.000
0.000
0.000
0.000
0.000
0.000
0.000
0.000
0.000
0.000
0.000
0.000
0.000
0.000
0.000
0.000
0.000
0.000
0.000
0.000
0.000
0.000
0.000
0.000
0.000
0.000
0.000
0.000
0.000
0.000
0.000
0.000
0.000
0.000
0.000
162.281
162.174
161.306
167.221
176.550
180.925
183.694
185.635
187.670
189.004
189.204
189.435
191.080
193.677
198.215
200.803
203.721
207.943
212.820
215.637
217.922
221.015
222.624
222.151
222.317
222.180
221.315
221.278
221.647
221.125
219.634
219.154
218.691
217.374
215.471
212.554
210.076
205.163
0.000
0.000
0.000
0.000
0.000
0.000
229.027
246.782
254.640
257.355
258.313
259.673
259.474
257.428
255.114
252.177
249.705
248.451
247.795
247.603
247.476
246.946
246.336
246.136
245.771
245.682
246.766
247.884
248.742
250.128
251.712
252.919
253.077
252.570
252.228
252.562
253.446
253.824
253.881
253.808
253.777
253.789
254.077
255.200
256.637
257.256
256.923
256.580
256.957
257.637
258.132
258.073
257.275
256.370
255.510
254.886
254.393
254.214
254.132
254.159
254.316
254.246
253.591
252.571
252.517
252.716
253.765
256.184
259.464
264.853
268.438
270.445
271.364
271.334
271.020
270.967
271.288
271.893
272.628
273.234
274.198
274.919
274.532
273.152
271.437
269.191
264.053
264.601
266.672
0.000
0.000
0.000
0.000
0.000
0.000
0.000
0.000
0.000
0.000
266.684
255.890
251.159
248.703
244.832
242.645
241.517
240.218
239.673
238.902
237.078
236.085
236.794
237.560
238.615
239.982
241.052
241.743
241.319
240.679
240.946
242.140
243.363
244.272
245.227
246.192
247.035
247.281
246.639
245.981
245.376
243.504
240.896
238.859
235.263
228.483
222.446
214.280
211.649
208.424
202.211
198.867
203.671
212.129
212.582
219.681
222.150
222.523
222.321
222.607
222.960
223.265
223.626
224.116
224.394
223.386
222.874
222.556
221.472
219.251
214.926
216.233
221.758
220.237
0.000
0.000
0.000
0.000
0.000
0.000
179.635
179.815
179.177
180.236
181.681
182.089
181.691
181.372
181.429
181.750
182.603
183.327
183.502
183.534
184.005
185.082
185.860
186.282
186.742
186.967
186.496
186.419
186.733
187.409
188.321
187.972
186.936
186.779
186.612
185.935
184.516
181.600
180.297
178.181
174.945
168.455
156.441
149.000
142.653
141.304
142.870
142.962
146.255
147.877
147.472
148.937
147.908
148.750
148.965
149.379
150.774
150.341
151.483
151.596
148.677
144.574
137.218
0.000
0.000
0.000
167.671
167.325
167.156
167.384
168.262
168.682
167.763
165.941
163.722
160.796
157.237
157.155
157.602
159.316
162.085
164.314
164.983
165.213
165.044
164.926
164.448
163.544
161.435
159.219
158.427
157.434
156.409
157.091
157.894
159.062
160.634
161.643
161.826
161.499
161.584
162.097
161.535
160.758
159.053
157.554
156.949
153.893
0.000
0.000
0.000
0.000
79.821
80.110
80.241
78.708
0.000
0.000
0.000
0.000
0.000
0.000
0.000
0.000
0.000
0.000
0.000
0.000
0.000
0.000
0.000
0.000
0.000
0.000
0.000
0.000
0.000
0.000
0.000
0.000
0.000
0.000
0.000
0.000
