每10ms一个pitch值（Hz）
0.000
0.000
0.000
0.000
0.000
0.000
0.000
0.000
0.000
385.318
394.311
391.721
387.548
386.371
386.916
390.011
394.245
399.413
402.366
401.998
399.801
396.495
392.979
392.897
399.854
397.869
390.762
392.539
406.446
432.149
445.262
449.599
450.081
447.211
444.843
441.294
439.508
437.996
437.229
435.346
426.967
416.150
401.632
410.550
424.407
416.437
395.973
393.069
420.037
431.552
0.000
0.000
428.724
432.805
430.261
426.079
396.218
378.435
378.033
376.886
376.693
373.773
373.132
371.765
370.367
370.113
371.617
375.162
378.176
381.039
382.202
381.550
376.559
363.423
344.021
335.972
317.655
308.452
303.187
306.924
308.732
312.998
318.663
322.986
326.588
324.012
321.891
321.959
323.677
326.058
308.834
306.742
316.119
314.373
309.089
0.000
0.000
0.000
0.000
0.000
0.000
0.000
0.000
0.000
300.783
308.185
313.280
320.153
326.933
332.225
333.713
331.333
327.475
321.181
311.956
302.641
298.160
303.973
308.536
310.761
319.859
332.515
332.992
329.067
329.638
331.326
327.671
322.298
319.791
320.391
320.432
318.794
313.523
312.886
318.062
324.458
333.947
339.725
341.737
340.109
327.015
314.303
313.576
321.431
0.000
0.000
0.000
331.539
0.000
0.000
0.000
0.000
0.000
0.000
0.000
0.000
0.000
0.000
0.000
0.000
0.000
0.000
0.000
0.000
0.000
0.000
0.000
0.000
0.000
0.000
0.000
0.000
0.000
0.000
0.000
0.000
0.000
0.000
0.000
399.036
401.219
397.773
395.515
393.489
391.086
390.533
395.222
398.704
398.478
396.858
393.693
390.829
387.212
383.966
383.148
385.202
389.142
393.006
407.315
417.525
429.638
439.200
441.591
441.903
439.094
438.396
437.155
436.909
436.919
436.769
438.881
439.418
441.363
441.825
441.575
440.969
439.667
439.328
437.144
434.532
431.393
429.639
428.148
424.237
421.749
421.937
423.891
425.679
423.324
419.570
416.182
411.600
405.924
395.792
389.813
385.183
377.933
376.799
381.208
383.145
382.392
385.548
384.832
387.635
387.061
384.669
383.964
378.852
374.740
365.380
347.669
329.143
303.584
284.799
268.804
274.168
285.698
300.253
312.124
314.799
321.398
322.337
324.503
320.730
317.545
314.795
312.077
307.801
307.636
309.711
310.098
312.817
320.304
332.196
332.367
332.751
333.993
335.470
335.671
335.644
333.259
330.004
326.393
319.816
317.368
314.945
314.632
317.202
321.602
327.283
330.731
332.974
334.200
332.886
329.727
325.717
321.373
320.158
318.315
318.502
318.583
319.022
320.488
321.127
319.234
317.070
319.793
323.194
326.666
327.910
321.884
305.042
306.014
312.824
0.000
0.000
0.000
0.000
157.749
155.610
0.000
0.000
0.000
0.000
0.000
0.000
0.000
0.000
0.000
0.000
0.000
0.000
0.000
0.000
0.000
0.000
0.000
0.000
0.000
0.000
0.000
0.000
0.000
0.000
0.000
0.000
0.000
0.000
0.000
0.000
0.000
0.000
0.000
0.000
0.000
0.000
370.312
370.416
372.585
376.638
378.827
378.936
377.244
372.834
368.863
361.110
361.156
367.251
373.959
390.205
405.228
420.220
430.539
437.567
437.019
438.726
437.929
438.362
439.230
439.480
438.933
437.752
437.302
437.176
438.128
436.601
432.545
426.833
417.389
405.482
405.886
439.784
430.338
446.231
450.094
406.995
396.462
396.781
418.544
494.354
495.995
496.861
498.562
498.442
497.272
496.643
496.632
496.227
495.549
494.579
494.073
493.708
494.261
495.518
496.012
495.535
495.047
494.710
494.345
494.204
494.432
494.458
494.686
495.366
495.831
496.572
497.235
497.325
497.146
496.855
496.663
496.245
495.784
495.443
494.533
492.855
491.555
490.971
490.598
489.488
488.077
487.275
487.103
487.449
487.748
488.607
489.480
490.008
490.800
492.136
493.246
493.380
493.566
493.568
494.409
496.373
498.428
499.502
500.786
501.710
502.188
503.719
502.059
498.720
500.277
508.558
519.820
524.826
531.311
535.260
531.507
520.646
510.753
496.391
0.000
0.000
0.000
0.000
0.000
0.000
0.000
0.000
0.000
0.000
0.000
0.000
0.000
0.000
0.000
0.000
0.000
0.000
0.000
503.968
500.433
494.265
490.371
487.426
484.150
482.010
480.215
479.283
479.155
479.253
479.496
480.814
483.077
485.455
487.041
488.230
488.063
487.085
485.941
485.510
486.372
487.856
488.549
489.279
489.232
488.579
489.055
491.485
495.355
498.378
496.720
490.884
487.796
479.915
470.817
462.125
455.591
437.403
426.511
420.595
417.992
421.597
423.525
422.672
423.052
424.706
428.242
432.108
436.007
436.868
438.789
437.950
432.874
424.341
423.324
431.073
435.606
428.166
422.275
418.725
412.981
412.247
408.320
0.000
0.000
0.000
0.000
0.000
0.000
391.701
391.682
390.440
389.941
388.572
386.998
385.187
382.950
382.122
381.812
381.181
380.017
379.598
380.529
382.338
384.982
388.604
391.303
391.546
390.512
389.086
387.383
384.190
379.978
373.360
362.801
339.603
321.945
298.745
277.618
266.441
272.632
282.832
296.553
318.530
319.307
328.363
334.363
328.799
327.131
324.799
314.683
302.742
288.022
277.820
311.839
301.663
297.706
304.445
307.434
307.082
302.926
290.980
0.000
0.000
0.000
0.000
309.787
316.351
320.268
325.106
328.968
329.244
327.399
325.914
324.059
322.564
318.750
315.790
311.528
309.111
315.413
319.811
324.877
327.743
329.695
331.264
331.503
327.041
318.293
311.287
304.101
303.463
307.498
311.997
317.020
326.763
332.114
326.834
325.463
329.027
330.696
325.210
327.082
0.000
0.000
0.000
0.000
0.000
0.000
0.000
0.000
0.000
0.000
0.000
0.000
0.000
0.000
0.000
0.000
0.000
0.000
0.000
0.000
0.000
0.000
0.000
0.000
0.000
0.000
0.000
0.000
0.000
0.000
0.000
0.000
