每10ms一个pitch值（Hz）
0.000
0.000
0.000
0.000
0.000
0.000
0.000
0.000
0.000
0.000
0.000
0.000
0.000
0.000
0.000
388.980
394.387
390.401
387.009
386.339
387.478
391.022
395.580
400.495
402.556
401.535
399.064
395.499
392.449
393.954
401.826
395.311
390.180
395.100
411.934
437.741
446.630
450.223
449.415
446.639
443.897
440.688
439.127
437.683
437.104
433.822
424.234
412.707
400.993
414.423
424.216
413.936
418.547
420.587
421.264
0.000
0.000
0.000
431.051
432.418
429.145
425.372
381.255
378.666
377.505
377.081
375.952
373.469
372.875
371.397
370.065
370.411
372.311
376.083
378.933
381.531
382.274
380.744
374.381
357.890
342.407
331.523
314.952
306.097
303.976
307.337
309.809
314.171
320.131
323.966
326.486
323.164
321.826
322.042
324.820
324.535
301.112
311.472
316.460
311.441
0.000
0.000
0.000
0.000
0.000
0.000
0.000
0.000
0.000
0.000
303.131
309.488
314.951
321.849
328.671
332.945
333.435
330.426
326.101
319.138
309.323
300.770
298.699
305.883
308.838
312.504
323.087
334.703
331.451
328.886
330.230
330.961
326.186
321.247
319.819
320.494
320.281
317.732
312.406
314.104
319.423
326.731
336.156
340.337
341.973
338.069
322.504
313.258
314.888
323.260
0.000
0.000
0.000
0.000
0.000
0.000
0.000
0.000
0.000
0.000
0.000
0.000
0.000
0.000
0.000
0.000
0.000
0.000
0.000
0.000
0.000
0.000
0.000
0.000
0.000
0.000
0.000
0.000
0.000
0.000
0.000
0.000
0.000
0.000
0.000
401.254
400.365
397.044
395.047
392.886
390.556
391.320
396.546
398.882
398.191
396.103
392.968
389.938
386.348
383.097
383.514
386.094
389.762
395.979
410.601
420.069
433.035
440.158
441.927
441.318
438.664
438.234
436.855
437.094
436.672
437.238
439.152
439.718
441.845
441.594
441.634
440.536
439.575
438.999
436.399
433.830
430.656
429.514
427.180
423.405
421.544
422.294
424.544
425.501
422.293
418.749
415.090
410.330
403.792
393.252
389.280
382.799
377.369
377.316
382.470
382.508
383.411
385.504
385.237
388.086
386.228
384.589
383.092
377.490
373.341
361.266
341.543
323.062
298.283
279.695
267.896
277.349
289.016
303.971
313.373
315.785
323.186
321.624
324.536
319.795
316.688
314.230
311.051
307.166
308.193
309.967
310.420
313.974
324.578
332.492
332.399
332.958
334.478
335.569
335.735
335.329
332.323
329.257
324.913
318.737
316.757
314.674
314.923
318.194
323.134
328.402
331.361
333.427
334.191
332.091
328.872
324.398
320.875
319.800
318.033
318.720
318.439
319.460
320.753
320.966
318.365
317.380
320.738
324.082
327.390
327.371
317.730
303.339
307.833
314.782
0.000
0.000
0.000
0.000
156.174
155.721
0.000
0.000
0.000
0.000
0.000
0.000
0.000
0.000
0.000
0.000
0.000
0.000
0.000
0.000
0.000
0.000
0.000
0.000
0.000
0.000
0.000
0.000
0.000
0.000
0.000
0.000
0.000
0.000
0.000
0.000
0.000
0.000
0.000
0.000
0.000
0.000
370.461
370.632
373.640
377.441
379.025
378.695
376.350
371.757
367.362
359.730
362.614
368.827
376.538
394.854
409.070
423.064
433.235
437.580
437.303
438.819
437.774
438.651
439.396
439.370
438.689
437.523
437.228
437.381
438.096
435.710
431.232
424.982
413.744
404.107
470.208
433.738
430.602
452.751
440.636
400.210
397.102
396.503
465.529
495.493
496.050
497.352
498.735
498.169
496.998
496.660
496.542
496.102
495.286
494.409
493.965
493.726
494.573
495.780
495.921
495.413
494.927
494.630
494.277
494.217
494.513
494.419
494.875
495.497
495.975
496.794
497.305
497.284
497.090
496.781
496.612
496.084
495.718
495.284
494.154
492.412
491.383
490.856
490.434
489.061
487.822
487.171
487.166
487.526
487.897
488.884
489.618
490.178
491.084
492.519
493.330
493.418
493.575
493.657
494.836
496.952
498.787
499.775
501.114
501.825
502.475
503.840
500.987
498.578
501.629
511.897
521.294
526.374
532.786
535.294
528.931
518.010
507.470
495.228
0.000
0.000
0.000
0.000
0.000
0.000
0.000
0.000
0.000
0.000
0.000
0.000
0.000
0.000
0.000
0.000
0.000
0.000
0.000
503.938
498.862
492.903
489.702
486.532
483.487
481.553
479.813
479.259
479.136
479.296
479.692
481.350
483.724
485.937
487.394
488.346
487.837
486.791
485.717
485.599
486.788
488.082
488.734
489.392
489.048
488.539
489.495
492.375
496.388
498.547
495.123
490.196
486.302
477.540
468.193
460.735
451.500
434.869
423.870
419.881
418.277
422.676
423.193
422.751
423.300
425.396
429.359
433.134
436.535
437.131
439.106
436.937
431.052
421.608
426.262
432.997
434.486
426.244
420.984
431.305
412.765
410.412
0.000
0.000
0.000
0.000
0.000
0.000
0.000
392.037
391.279
390.299
389.684
388.145
386.604
384.589
382.553
382.084
381.657
380.963
379.724
379.772
380.892
382.944
385.836
389.522
391.572
391.349
390.152
388.716
386.724
383.161
378.624
371.083
358.995
334.325
315.910
292.706
273.588
266.618
275.397
285.619
302.605
319.777
320.156
331.631
333.480
327.273
327.771
322.162
311.996
299.191
283.758
282.893
310.745
298.907
302.330
305.330
307.581
306.548
300.556
289.847
0.000
0.000
0.000
0.000
312.257
317.351
321.431
326.350
329.383
328.841
326.997
325.422
323.734
321.763
317.860
314.950
310.240
310.282
316.737
321.101
325.854
328.286
330.133
331.560
330.955
324.898
316.420
309.271
303.115
304.339
308.661
313.185
318.729
330.400
330.469
326.153
325.810
330.395
329.244
324.880
0.000
0.000
0.000
0.000
0.000
0.000
0.000
0.000
0.000
0.000
0.000
0.000
0.000
0.000
0.000
0.000
0.000
0.000
0.000
0.000
0.000
0.000
0.000
0.000
0.000
0.000
0.000
0.000
0.000
0.000
0.000
0.000
0.000
0.000
0.000
0.000
0.000
0.000
0.000
0.000
0.000
0.000
0.000
0.000
0.000
0.000
0.000
0.000
185.652
184.805
185.394
184.495
183.456
183.091
183.508
185.387
188.597
192.029
195.786
200.209
202.323
204.617
216.706
211.813
214.549
226.809
221.904
228.028
228.968
224.350
225.222
226.616
225.439
224.249
219.556
213.817
212.831
0.000
0.000
0.000
0.000
0.000
0.000
0.000
0.000
0.000
0.000
0.000
0.000
262.498
262.509
263.807
264.096
263.220
262.635
262.700
262.954
264.428
264.175
263.335
262.628
262.019
262.703
264.360
266.485
268.082
269.036
269.216
268.640
268.182
268.280
269.101
268.815
266.001
257.363
238.192
252.722
265.788
270.155
252.949
251.269
252.300
0.000
0.000
258.388
266.745
260.257
261.114
256.178
254.701
253.793
254.633
256.289
258.223
259.464
259.757
260.378
261.381
262.250
263.234
264.198
265.311
267.219
269.389
269.678
268.740
269.030
269.597
268.523
265.593
263.059
258.583
251.777
252.039
254.362
256.238
259.034
264.466
271.614
278.136
282.829
284.379
284.230
281.801
279.259
275.994
273.131
270.572
271.504
273.930
275.590
275.608
275.833
277.989
281.705
286.765
289.768
287.054
283.048
279.583
276.383
273.865
272.186
272.376
274.385
275.339
276.856
279.115
284.065
293.497
289.404
285.986
284.011
282.917
284.717
290.064
289.776
284.090
277.782
277.390
277.544
276.046
272.661
274.672
0.000
0.000
0.000
0.000
0.000
0.000
0.000
0.000
0.000
0.000
0.000
0.000
0.000
0.000
0.000
0.000
0.000
0.000
0.000
0.000
0.000
0.000
0.000
0.000
0.000
0.000
0.000
0.000
0.000
0.000
0.000
0.000
0.000
0.000
0.000
0.000
0.000
594.244
591.119
575.126
0.000
0.000
0.000
0.000
0.000
0.000
0.000
0.000
0.000
0.000
0.000
0.000
0.000
221.708
220.869
226.287
230.002
230.316
231.242
232.301
235.058
239.414
242.572
244.418
246.995
248.630
250.035
250.272
248.661
247.239
246.221
246.765
248.219
250.041
253.688
256.869
259.626
261.050
261.192
261.146
261.275
261.568
259.570
248.984
241.259
253.963
263.600
260.062
257.624
257.192
242.843
0.000
0.000
0.000
0.000
0.000
0.000
333.372
331.947
310.612
243.778
235.146
232.871
218.306
228.458
231.534
236.212
241.027
253.050
264.889
269.464
274.673
280.794
285.035
284.237
287.404
288.627
287.793
285.490
285.980
287.614
289.014
291.060
291.207
290.575
288.674
278.484
256.090
0.000
0.000
0.000
0.000
0.000
0.000
0.000
0.000
0.000
0.000
0.000
352.625
342.362
335.979
334.344
332.848
331.945
330.767
330.365
330.321
329.911
331.666
334.786
337.563
338.871
339.450
339.789
339.851
340.107
340.230
339.300
338.146
337.105
337.102
337.622
337.635
336.027
330.449
321.028
302.112
314.627
336.194
330.952
332.661
328.963
323.189
332.513
330.550
336.614
343.742
345.357
341.165
335.893
336.749
338.233
339.445
340.356
340.984
341.315
341.192
340.469
340.158
340.180
340.205
340.390
340.483
340.911
341.466
341.518
341.112
340.620
339.616
338.660
335.929
336.861
338.441
340.218
350.092
366.874
379.823
386.238
390.670
393.342
392.812
391.774
389.083
386.435
383.517
381.990
380.586
381.050
381.345
382.213
383.822
385.870
388.179
389.103
388.862
387.251
385.746
384.143
380.537
377.292
374.729
370.327
362.235
346.730
326.760
304.134
291.380
275.765
270.734
271.338
272.309
274.604
277.807
276.921
274.100
276.187
278.198
281.198
287.279
291.687
289.486
287.501
285.552
284.677
281.772
280.394
281.233
281.587
281.587
283.632
286.202
286.624
286.854
286.602
288.323
289.342
287.739
287.278
288.117
289.630
291.833
293.926
294.698
295.307
294.682
294.075
293.920
293.528
292.999
292.347
292.250
293.624
295.167
297.139
298.081
296.913
289.796
264.405
265.679
278.785
0.000
0.000
0.000
286.855
286.229
292.284
0.000
0.000
0.000
0.000
0.000
0.000
0.000
0.000
0.000
0.000
0.000
0.000
0.000
0.000
0.000
295.492
296.504
297.602
297.716
298.334
299.194
299.118
299.459
300.009
299.969
300.236
300.567
301.303
302.044
302.604
302.743
302.617
302.671
302.484
301.466
300.590
299.615
298.092
296.248
291.807
281.276
288.041
294.492
301.083
312.151
324.365
333.114
337.525
337.045
337.221
336.738
333.474
330.732
330.767
331.458
329.742
331.290
336.358
337.619
338.779
338.417
337.759
333.874
331.638
328.839
324.335
320.367
318.327
323.344
329.005
332.024
334.484
336.610
336.527
336.268
337.425
339.307
338.074
335.309
332.774
330.077
326.783
324.253
325.135
327.995
331.838
335.922
338.476
338.600
337.532
335.291
332.003
328.500
324.369
320.022
322.102
326.093
328.970
332.136
334.559
336.021
336.035
335.637
335.928
333.639
329.835
326.303
323.516
322.186
320.406
320.994
323.283
326.983
331.237
332.695
332.080
330.369
328.753
327.177
324.985
322.839
319.423
320.488
0.000
0.000
0.000
0.000
0.000
0.000
0.000
0.000
0.000
0.000
0.000
0.000
0.000
0.000
0.000
0.000
0.000
0.000
0.000
0.000
0.000
0.000
0.000
0.000
0.000
0.000
0.000
0.000
0.000
0.000
0.000
0.000
0.000
0.000
0.000
0.000
0.000
0.000
0.000
0.000
0.000
0.000
