每10ms一个pitch值（Hz）
0.000
0.000
0.000
0.000
0.000
214.517
214.784
219.305
221.026
221.267
219.734
217.266
215.819
214.775
214.581
214.917
216.841
218.912
221.142
224.816
229.411
235.111
243.604
249.471
252.809
254.006
253.056
251.298
248.990
246.936
245.185
244.139
243.093
240.461
235.309
219.144
207.967
223.715
0.000
0.000
0.000
0.000
0.000
0.000
0.000
0.000
203.785
200.712
200.542
200.970
200.890
200.596
199.889
194.918
193.631
192.865
191.737
191.889
192.399
192.056
189.882
186.737
188.391
186.444
183.917
180.298
176.709
167.289
157.270
158.641
157.160
160.222
163.874
166.332
169.715
170.663
170.985
171.074
170.263
168.365
167.466
165.505
155.971
151.102
154.665
0.000
0.000
0.000
0.000
0.000
167.993
169.365
169.403
167.910
166.300
164.674
162.764
160.746
160.440
160.706
160.954
161.598
162.243
162.755
163.460
163.682
164.013
164.309
163.888
163.136
162.084
160.955
160.481
160.608
161.527
80.986
81.097
80.755
80.464
80.301
80.381
80.655
80.925
81.380
81.540
81.330
81.072
80.741
80.343
80.006
79.886
79.751
79.209
78.650
78.273
78.076
78.033
78.381
79.002
79.833
80.375
80.447
80.248
80.119
80.317
80.434
79.823
80.104
79.275
78.580
77.549
76.105
0.000
0.000
0.000
143.174
142.769
136.155
132.195
135.724
133.719
130.481
132.866
131.663
128.327
129.639
131.268
139.294
150.489
157.613
163.053
168.751
175.410
182.513
190.375
194.379
196.015
195.768
195.393
194.388
193.557
193.624
194.479
195.930
197.712
199.024
199.959
201.013
202.658
206.557
211.615
215.307
221.190
226.248
229.330
230.090
228.283
226.176
224.028
222.467
222.043
222.268
222.524
222.737
222.617
222.123
221.432
219.935
217.684
215.532
212.921
208.079
200.814
195.042
193.133
191.633
191.365
195.433
199.237
201.769
202.997
202.727
201.756
200.221
198.803
197.568
196.431
194.958
194.202
194.535
194.660
194.349
193.903
192.706
190.130
185.595
182.201
177.641
172.335
163.586
157.445
162.497
149.219
154.134
156.072
160.064
163.562
164.610
167.159
168.298
167.656
166.332
164.122
162.567
163.049
164.104
165.707
167.195
169.255
170.553
171.457
173.843
170.852
168.146
166.853
166.065
165.073
163.882
163.499
163.366
163.186
163.076
162.595
161.417
160.128
158.829
157.859
157.890
158.296
156.038
157.562
158.841
160.581
162.671
163.920
164.157
163.599
163.276
162.052
160.368
158.984
157.986
156.244
154.510
154.030
151.877
146.108
0.000
0.000
0.000
0.000
159.954
159.450
0.000
0.000
0.000
0.000
0.000
0.000
0.000
0.000
0.000
0.000
0.000
0.000
0.000
0.000
0.000
0.000
0.000
0.000
0.000
0.000
0.000
0.000
0.000
0.000
0.000
0.000
0.000
0.000
0.000
0.000
0.000
0.000
0.000
0.000
0.000
0.000
0.000
0.000
0.000
162.776
161.753
161.890
169.724
177.850
181.755
184.153
186.129
188.122
189.125
189.205
189.671
191.670
194.529
198.916
201.627
204.551
209.069
213.593
216.200
218.600
221.690
222.584
222.086
222.401
221.973
221.198
221.401
221.625
220.779
219.424
219.098
218.438
216.992
214.768
211.935
209.251
204.121
0.000
0.000
0.000
0.000
0.000
0.000
233.981
249.498
255.622
257.589
258.635
259.856
259.076
256.919
254.430
251.476
249.299
248.253
247.710
247.593
247.384
246.781
246.253
246.090
245.664
245.848
247.096
248.058
249.046
250.512
252.066
253.065
252.968
252.460
252.217
252.779
253.587
253.858
253.865
253.798
253.770
253.820
254.249
255.573
256.886
257.233
256.811
256.589
257.131
257.782
258.184
257.940
257.045
256.151
255.337
254.749
254.329
254.186
254.128
254.190
254.333
254.162
253.311
252.473
252.564
252.829
254.269
256.860
260.635
265.892
269.061
270.755
271.428
271.258
270.967
271.018
271.412
272.065
272.785
273.425
274.436
274.941
274.261
272.752
270.977
268.395
262.461
265.643
0.000
0.000
0.000
0.000
0.000
0.000
0.000
0.000
0.000
0.000
0.000
262.434
254.185
250.654
247.764
244.105
242.349
241.190
240.031
239.548
238.546
236.647
236.180
236.987
237.768
238.952
240.253
241.289
241.740
241.126
240.641
241.179
242.466
243.603
244.483
245.471
246.415
247.173
247.194
246.443
245.870
245.082
242.849
240.395
238.237
233.808
226.765
220.997
212.962
211.258
207.150
201.125
198.655
207.706
212.463
214.027
220.696
222.341
222.487
222.323
222.728
223.015
223.360
223.712
224.271
224.224
223.173
222.836
222.372
221.075
218.213
214.107
218.930
220.884
221.361
0.000
0.000
0.000
0.000
0.000
0.000
179.678
179.684
179.184
180.720
181.835
182.061
181.571
181.355
181.495
181.886
182.859
183.389
183.508
183.590
184.228
185.330
185.973
186.378
186.864
186.880
186.427
186.461
186.863
187.631
188.411
187.683
186.831
186.775
186.502
185.678
183.956
180.967
180.082
177.341
174.042
165.799
154.528
147.260
141.923
141.576
143.063
143.206
147.019
147.711
147.788
148.822
147.885
148.995
148.857
149.802
150.774
150.384
151.803
151.144
147.528
143.356
137.141
0.000
0.000
0.000
168.125
167.139
167.224
167.532
168.458
168.590
167.366
165.436
163.148
159.900
157.035
157.259
157.817
160.060
162.742
164.559
165.079
165.180
165.033
164.837
164.297
163.154
160.824
158.925
158.254
157.123
156.392
157.358
158.095
159.445
160.956
161.749
161.773
161.439
161.725
162.103
161.268
160.578
158.420
157.532
156.465
152.780
0.000
0.000
0.000
0.000
79.896
80.130
78.885
0.000
0.000
0.000
0.000
0.000
0.000
0.000
0.000
0.000
0.000
0.000
0.000
0.000
0.000
0.000
0.000
0.000
0.000
0.000
0.000
0.000
0.000
0.000
0.000
0.000
0.000
0.000
0.000
0.000
0.000
0.000
0.000
0.000
0.000
0.000
0.000
0.000
0.000
0.000
0.000
0.000
0.000
108.964
104.357
98.871
97.136
96.615
94.498
94.655
93.470
94.095
94.956
95.702
97.810
100.075
101.532
102.280
103.324
105.710
106.133
106.841
108.854
111.044
111.659
112.767
113.281
113.114
112.125
111.763
110.861
110.941
0.000
0.000
0.000
0.000
0.000
0.000
0.000
0.000
0.000
0.000
0.000
0.000
0.000
0.000
143.857
135.333
131.110
127.662
126.107
124.006
122.425
122.959
122.682
123.064
123.324
123.659
124.089
124.847
125.487
126.261
127.055
127.911
128.721
128.874
128.637
128.564
128.593
128.874
128.593
128.112
128.028
127.740
127.412
128.561
128.932
128.710
127.768
127.402
127.130
126.857
126.989
126.988
126.547
125.461
124.646
125.171
125.305
124.982
124.708
124.707
125.327
126.054
126.199
126.336
126.497
126.289
125.864
125.227
124.409
125.187
127.166
130.090
133.862
138.151
141.506
144.759
147.826
149.850
150.709
150.805
150.309
148.987
147.554
146.120
144.615
142.813
142.156
142.253
141.762
141.433
141.767
142.208
142.343
142.701
143.270
143.600
143.951
143.670
143.599
143.668
143.524
143.875
144.597
145.174
145.550
145.196
144.230
143.102
142.576
142.601
142.591
142.896
144.280
145.636
146.347
145.867
144.370
143.037
142.164
141.989
141.852
141.300
141.514
142.893
144.730
146.111
147.399
148.932
149.365
149.088
147.498
145.408
145.822
0.000
0.000
0.000
0.000
0.000
0.000
0.000
0.000
0.000
0.000
0.000
0.000
0.000
0.000
0.000
0.000
0.000
0.000
0.000
0.000
0.000
0.000
0.000
0.000
0.000
0.000
0.000
0.000
0.000
0.000
0.000
0.000
0.000
0.000
0.000
0.000
0.000
0.000
0.000
0.000
0.000
0.000
0.000
0.000
0.000
122.866
122.040
122.509
122.973
123.607
124.209
124.893
126.464
127.773
129.008
130.486
130.827
130.674
129.358
128.274
127.596
127.008
126.544
125.937
125.464
124.633
123.837
123.916
123.765
124.671
126.484
128.836
130.004
131.191
130.552
127.811
125.226
124.098
0.000
0.000
0.000
0.000
0.000
0.000
0.000
0.000
0.000
0.000
0.000
0.000
0.000
0.000
0.000
132.919
131.194
130.574
129.889
128.985
127.411
127.139
127.302
128.466
130.786
133.068
135.657
138.921
141.765
143.544
144.547
146.056
146.393
145.779
144.220
142.191
140.065
138.167
136.487
136.024
136.644
138.065
139.342
140.286
140.745
140.415
139.310
137.429
132.572
0.000
0.000
0.000
152.824
150.791
157.434
160.329
163.617
0.000
0.000
160.445
157.987
156.307
154.628
153.907
153.492
153.838
154.684
156.742
158.130
159.139
159.840
160.010
159.714
159.452
159.309
159.129
159.123
159.274
159.880
161.017
161.867
161.693
160.481
158.781
157.803
158.166
155.454
155.624
155.390
158.212
163.206
162.856
162.714
163.470
178.464
176.042
173.212
172.085
171.299
170.265
168.794
166.825
165.148
164.785
165.121
165.256
165.446
166.335
167.316
167.709
167.961
168.226
168.451
168.656
168.988
170.311
173.172
178.871
184.871
192.171
198.222
202.990
204.516
202.899
200.176
197.638
195.527
194.373
194.213
194.446
195.386
196.763
197.336
197.405
197.528
197.307
196.775
196.577
196.405
195.713
194.153
192.346
189.780
185.052
181.810
175.551
165.949
152.346
145.968
140.884
133.454
129.381
127.570
128.384
129.885
131.582
132.204
134.551
135.777
135.795
135.726
136.435
136.846
136.913
137.979
138.979
139.407
139.392
138.916
139.097
137.657
136.045
135.582
134.924
135.080
135.636
136.733
137.886
138.864
139.524
140.085
140.690
141.252
141.547
142.051
142.194
141.596
140.765
140.150
139.824
139.733
139.686
139.810
139.776
139.449
139.106
139.097
139.122
139.558
140.320
140.845
141.112
141.525
141.817
142.064
142.389
142.260
140.280
136.586
138.615
140.030
140.968
141.209
143.440
143.004
142.888
0.000
0.000
0.000
0.000
0.000
0.000
0.000
0.000
0.000
0.000
146.932
146.484
145.781
144.192
142.843
142.298
142.435
143.173
144.078
144.898
145.009
145.105
144.624
144.023
143.285
142.507
142.917
143.746
145.585
150.035
154.376
156.864
160.867
164.142
166.219
167.565
166.581
165.171
162.690
159.749
158.099
158.341
159.508
160.777
161.795
162.688
163.129
162.673
162.152
161.126
160.354
160.013
160.207
160.942
161.892
162.397
162.435
162.338
162.495
162.529
162.766
162.645
162.435
162.837
163.782
164.597
165.236
165.240
165.012
164.343
163.511
162.885
162.312
162.165
162.314
162.393
162.285
161.776
161.261
161.152
161.144
161.408
161.757
161.865
161.923
162.014
162.321
162.624
162.510
162.360
162.379
162.632
162.762
163.197
163.651
163.883
163.839
163.514
162.898
162.475
161.921
161.471
160.984
160.611
159.975
159.333
159.238
159.370
159.578
159.746
159.861
160.412
160.819
161.390
161.858
161.880
161.440
161.098
160.522
160.604
161.231
162.283
162.773
162.342
161.373
160.810
160.238
160.068
160.687
160.684
161.663
162.458
162.406
161.733
161.303
161.033
160.618
160.801
161.168
161.819
162.709
162.894
162.593
161.580
161.175
162.042
164.151
0.000
0.000
0.000
0.000
0.000
0.000
0.000
0.000
0.000
0.000
0.000
0.000
0.000
0.000
0.000
0.000
0.000
0.000
0.000
0.000
0.000
0.000
0.000
0.000
0.000
0.000
0.000
0.000
0.000
0.000
