每10ms一个pitch值（Hz）
0.000
0.000
0.000
0.000
0.000
0.000
0.000
224.378
213.768
215.762
219.884
221.187
221.099
219.241
216.857
215.579
214.659
214.618
215.104
217.391
219.290
221.748
225.751
230.350
236.813
244.841
250.342
253.282
253.926
252.737
250.865
248.501
246.559
244.898
243.968
242.740
239.601
233.613
216.164
209.356
224.232
0.000
0.000
0.000
0.000
0.000
0.000
0.000
0.000
202.562
200.543
200.620
201.045
200.758
200.644
199.057
194.373
193.538
192.593
191.656
192.017
192.428
191.798
189.110
186.908
188.272
185.933
183.250
179.516
175.815
162.968
157.439
158.296
157.394
161.112
164.541
166.935
170.155
170.716
171.008
171.074
169.832
168.154
167.178
164.723
152.784
151.813
0.000
0.000
0.000
0.000
0.000
0.000
168.410
169.533
169.154
167.586
165.954
164.318
162.307
160.509
160.518
160.735
161.061
161.752
162.344
162.900
163.554
163.707
164.130
164.254
163.774
162.911
161.872
160.758
160.480
160.736
161.635
81.053
81.035
80.694
80.413
80.294
80.434
80.701
81.016
81.451
81.509
81.284
81.004
80.672
80.247
79.981
79.860
79.689
79.064
78.565
78.217
78.049
78.068
78.490
79.167
79.978
80.432
80.410
80.208
80.124
80.391
80.312
79.820
80.061
79.084
78.395
77.292
75.760
0.000
0.000
0.000
142.851
141.839
134.587
132.844
135.737
132.972
130.603
133.110
130.984
128.254
129.847
131.866
142.306
151.601
158.542
164.321
170.133
176.707
184.160
191.638
194.823
196.078
195.684
195.256
194.137
193.509
193.739
194.732
196.309
198.013
199.266
200.115
201.314
203.182
207.945
212.159
216.302
222.650
227.136
229.632
229.931
227.817
225.749
223.630
222.276
222.081
222.317
222.577
222.751
222.534
222.004
221.218
219.508
217.200
215.115
212.124
206.783
199.132
194.630
192.727
191.489
191.578
196.656
199.794
202.155
203.042
202.563
201.484
199.869
198.561
197.316
196.158
194.692
194.206
194.630
194.587
194.312
193.692
192.404
189.227
184.797
181.453
176.471
171.078
159.816
160.091
160.473
148.976
155.110
156.428
161.130
163.858
164.935
167.676
168.204
167.456
165.953
163.630
162.526
163.275
164.371
165.999
167.618
169.581
170.712
171.903
173.738
170.018
167.867
166.637
165.921
164.803
163.731
163.478
163.330
163.147
163.051
162.376
161.151
159.844
158.594
157.755
158.031
158.010
155.901
158.019
159.056
161.034
163.006
164.119
163.994
163.619
163.044
161.758
160.011
158.787
157.710
155.777
154.381
153.807
150.923
0.000
0.000
0.000
0.000
0.000
159.667
159.531
0.000
0.000
0.000
0.000
0.000
0.000
0.000
0.000
0.000
0.000
0.000
0.000
0.000
0.000
0.000
0.000
0.000
0.000
0.000
0.000
0.000
0.000
0.000
0.000
0.000
0.000
0.000
0.000
0.000
0.000
0.000
0.000
0.000
0.000
