每10ms一个pitch值（Hz）
0.000
0.000
0.000
0.000
0.000
392.375
393.618
388.926
386.604
386.436
388.460
392.333
397.320
401.549
402.487
400.845
398.023
394.289
392.228
396.059
401.765
392.811
390.357
399.368
420.244
442.108
448.087
450.535
448.407
445.987
442.648
440.118
438.622
437.412
436.712
431.184
420.845
407.622
404.209
419.505
421.345
412.841
421.768
419.797
426.685
0.000
0.000
0.000
432.476
431.631
427.527
421.711
378.134
378.627
376.976
377.211
374.848
373.325
372.425
370.964
369.898
370.860
373.474
377.041
379.920
381.928
382.189
379.257
370.578
349.570
340.459
324.903
312.294
303.854
305.459
307.688
311.265
315.992
321.553
325.373
325.586
322.385
321.872
322.394
326.016
320.259
298.784
314.727
317.053
309.976
0.000
0.000
0.000
0.000
0.000
0.000
0.000
0.000
0.000
297.925
305.626
311.037
317.255
324.002
330.515
333.533
332.690
329.257
324.106
316.211
306.222
299.010
300.539
307.513
309.277
315.386
327.286
335.174
330.016
328.999
330.958
329.843
324.380
320.306
320.063
320.520
319.876
315.990
311.920
315.853
321.345
329.834
338.194
341.000
341.753
334.089
317.851
312.837
317.479
324.731
0.000
0.000
0.000
0.000
0.000
0.000
0.000
0.000
0.000
0.000
0.000
0.000
0.000
0.000
0.000
0.000
0.000
0.000
0.000
0.000
0.000
0.000
0.000
0.000
0.000
0.000
0.000
0.000
0.000
0.000
0.000
0.000
0.000
0.000
0.000
401.956
399.188
396.300
394.408
392.102
390.185
392.849
397.809
398.820
397.737
395.024
392.090
388.745
385.361
382.777
384.111
387.428
390.385
400.752
413.774
423.884
436.442
440.912
442.171
440.300
438.467
437.821
436.719
437.182
436.502
437.998
439.258
440.338
442.075
441.465
441.507
440.058
439.526
438.334
435.552
432.823
430.013
429.195
425.836
422.543
421.573
422.880
425.259
424.813
421.033
417.735
413.606
408.657
400.523
391.131
388.138
380.104
376.961
378.769
383.343
381.863
384.681
385.097
386.248
388.031
385.313
384.538
381.468
376.239
370.695
355.788
336.657
314.919
292.564
273.904
269.387
281.026
293.683
308.159
314.039
317.859
323.880
322.375
322.975
318.873
315.750
313.440
309.587
307.039
308.921
310.022
311.238
315.799
329.500
332.448
332.514
333.314
335.035
335.608
335.789
334.639
331.233
328.219
322.647
318.061
315.858
314.557
315.690
319.484
325.042
329.554
332.089
333.873
333.869
331.050
327.675
322.834
320.539
319.170
318.075
318.792
318.480
319.964
321.013
320.440
317.478
318.260
321.805
325.232
327.948
325.932
311.507
303.476
309.931
317.487
0.000
0.000
0.000
160.145
155.531
155.759
0.000
0.000
0.000
0.000
0.000
0.000
0.000
0.000
0.000
0.000
0.000
0.000
0.000
0.000
0.000
0.000
0.000
0.000
0.000
0.000
0.000
0.000
0.000
0.000
0.000
0.000
0.000
0.000
0.000
0.000
0.000
0.000
0.000
