每10ms一个pitch值（Hz）
0.000
0.000
0.000
0.000
0.000
0.000
0.000
0.000
0.000
0.000
0.000
0.000
0.000
0.000
0.000
0.000
0.000
0.000
0.000
343.355
350.750
355.780
360.029
359.928
356.246
351.709
348.173
349.427
356.765
368.090
377.052
385.016
392.647
397.984
400.338
402.356
401.567
401.697
400.342
398.546
393.808
388.966
381.088
365.869
358.606
357.251
0.000
0.000
0.000
0.000
0.000
384.287
385.625
366.094
356.881
352.476
351.461
350.661
349.168
348.132
347.213
346.445
345.769
345.799
345.738
346.203
346.365
346.055
341.000
330.506
325.767
0.000
0.000
0.000
0.000
0.000
0.000
0.000
0.000
0.000
0.000
0.000
0.000
0.000
0.000
276.672
269.243
268.348
268.165
267.978
268.166
268.000
268.828
269.675
272.291
276.765
282.247
289.771
296.657
297.839
296.863
296.630
295.348
289.872
280.454
270.168
261.787
247.148
236.496
0.000
0.000
0.000
0.000
0.000
0.000
241.291
241.791
246.176
250.925
255.399
259.808
263.102
265.080
265.835
265.083
263.830
263.138
262.833
260.819
258.766
256.613
254.660
254.064
254.158
254.410
255.127
256.487
257.388
256.857
256.820
257.247
257.666
258.857
260.166
260.725
261.206
261.300
260.422
259.309
258.005
256.933
256.359
256.667
258.154
259.609
260.141
260.634
260.526
259.706
258.509
257.373
256.499
255.545
254.596
254.321
254.355
254.838
255.565
256.486
257.163
257.428
256.789
255.468
254.025
253.346
253.341
254.083
255.238
256.637
258.413
259.883
261.465
262.502
262.278
262.183
262.253
261.891
261.502
261.486
261.689
261.204
260.713
259.594
257.896
256.024
253.378
252.766
254.353
254.884
255.187
254.974
254.433
253.258
252.074
249.834
246.299
243.425
246.777
249.990
255.066
259.488
263.061
265.139
266.399
266.494
265.586
264.718
264.783
264.758
264.512
264.605
266.053
270.871
280.202
287.407
293.175
298.409
298.577
297.417
293.504
279.719
263.921
250.618
230.261
204.515
0.000
0.000
0.000
0.000
0.000
0.000
0.000
0.000
0.000
0.000
0.000
0.000
0.000
234.631
240.056
240.553
239.397
238.363
236.660
234.878
232.649
231.511
229.880
229.026
229.738
228.716
228.563
228.980
229.352
230.978
232.418
233.590
234.175
234.288
234.847
234.766
234.680
233.815
233.234
233.201
232.317
231.596
231.840
232.083
232.264
232.010
231.257
230.352
228.982
226.779
224.857
223.170
222.675
222.945
223.354
224.182
225.154
226.100
226.782
227.426
228.046
228.080
227.899
228.243
227.898
227.280
227.388
227.538
227.237
225.720
222.413
224.486
223.843
223.586
224.276
227.388
239.986
246.663
251.190
254.361
256.067
258.120
256.801
255.200
253.418
250.629
248.794
247.438
246.175
246.614
249.449
251.283
253.457
255.411
256.537
257.253
258.020
257.790
256.678
255.399
254.289
253.418
252.768
252.882
252.818
251.955
251.615
251.271
251.304
251.048
250.540
249.953
249.536
249.798
250.296
250.937
251.456
250.703
249.247
251.467
252.995
253.584
253.695
253.592
253.331
253.093
253.118
253.373
254.209
254.351
253.959
252.338
248.566
239.724
225.348
241.395
254.812
258.181
260.685
262.209
262.941
263.167
263.496
264.111
264.250
264.168
263.954
263.685
263.261
262.352
261.209
259.387
256.513
258.120
263.517
271.990
287.122
294.768
299.343
301.661
300.820
298.454
295.041
291.248
288.302
286.921
287.563
287.683
287.766
287.824
288.597
290.587
292.252
294.180
296.308
297.602
297.989
297.636
296.283
294.506
292.163
291.041
290.624
290.479
288.969
272.778
265.482
269.604
0.000
0.000
0.000
0.000
0.000
0.000
0.000
0.000
342.363
347.572
355.125
359.436
360.413
358.348
353.559
347.586
342.060
338.095
336.260
336.788
339.633
343.231
345.025
345.086
344.659
343.882
342.765
342.916
343.648
344.243
345.753
348.224
351.539
354.437
354.929
355.639
356.427
354.691
351.376
348.651
346.514
345.980
347.191
348.436
349.669
349.909
348.763
347.803
348.295
350.689
354.978
358.179
358.831
358.101
355.503
351.963
348.154
344.818
339.779
330.910
312.223
294.870
295.558
343.210
345.946
350.264
0.000
0.000
0.000
0.000
0.000
0.000
0.000
0.000
0.000
0.000
0.000
0.000
0.000
0.000
0.000
0.000
0.000
0.000
0.000
0.000
0.000
0.000
0.000
0.000
0.000
0.000
0.000
0.000
0.000
0.000
0.000
0.000
0.000
0.000
0.000
0.000
0.000
0.000
0.000
415.333
410.327
374.652
348.091
327.047
320.036
319.139
322.155
346.901
352.817
358.982
365.355
374.305
386.000
391.453
393.203
394.263
396.387
397.956
398.523
399.303
400.613
400.893
399.288
395.661
389.633
381.489
368.940
356.673
348.355
366.276
384.245
367.691
364.137
362.124
358.927
356.398
352.986
350.200
348.672
348.428
349.063
349.629
350.061
350.927
350.721
350.429
350.217
349.595
348.755
347.640
346.844
346.108
343.146
335.692
324.787
318.801
344.431
350.634
353.314
343.234
345.075
344.273
271.897
269.029
0.000
0.000
0.000
116.988
119.199
121.571
124.797
125.391
129.669
133.923
282.907
289.622
294.725
297.496
297.442
295.206
293.516
288.951
280.319
271.506
0.000
0.000
0.000
0.000
0.000
0.000
0.000
0.000
0.000
0.000
0.000
289.827
284.820
282.335
279.865
274.270
269.107
266.221
263.622
262.490
260.684
259.407
257.664
258.179
260.161
261.371
262.907
263.701
263.592
263.646
263.382
262.706
261.754
261.126
261.093
260.598
259.380
258.215
257.082
256.730
256.661
257.087
256.991
256.714
256.975
257.561
257.941
258.286
258.762
259.843
260.904
261.254
261.473
261.154
259.845
258.068
256.932
256.502
257.147
258.543
259.652
259.931
259.675
259.529
259.062
257.933
256.435
254.852
253.254
252.405
251.872
252.217
253.758
255.704
258.210
260.718
262.787
263.871
263.808
263.025
261.772
260.877
259.837
259.748
259.954
260.215
259.800
259.239
258.608
257.567
256.201
256.952
258.126
259.419
262.382
266.464
270.300
272.998
271.400
264.553
261.160
0.000
0.000
0.000
0.000
297.623
299.926
300.048
297.453
287.603
0.000
0.000
0.000
0.000
0.000
0.000
0.000
0.000
0.000
0.000
287.432
288.865
287.236
282.365
272.999
262.026
260.407
0.000
0.000
0.000
0.000
0.000
0.000
0.000
0.000
0.000
0.000
0.000
0.000
0.000
321.827
313.562
305.194
298.214
286.676
276.434
268.639
268.003
264.226
264.332
263.532
260.847
260.272
260.218
260.480
260.108
260.064
260.022
259.945
261.468
262.053
261.861
261.054
261.587
259.152
259.991
260.437
260.614
260.253
260.909
261.031
260.847
261.760
261.633
261.534
261.001
261.170
260.539
260.514
260.382
260.852
261.317
261.522
262.224
262.631
262.573
262.622
262.034
261.107
259.757
258.927
258.877
258.963
259.632
260.209
260.828
261.699
262.270
261.782
261.347
260.893
260.219
260.154
259.652
259.132
258.697
258.400
258.335
258.256
257.885
257.671
256.772
256.040
255.842
255.822
256.617
257.488
258.162
259.155
260.580
261.682
262.862
263.596
264.026
264.193
264.206
262.907
259.745
254.013
246.650
239.802
229.846
212.588
197.901
191.917
181.936
179.009
181.948
185.690
195.671
205.666
216.357
229.385
234.079
236.901
235.567
236.496
235.596
233.337
232.173
227.893
229.034
226.356
226.310
222.533
214.583
199.554
193.582
190.726
187.648
0.000
0.000
0.000
0.000
0.000
0.000
0.000
228.997
231.293
234.000
238.758
242.502
245.293
247.782
249.540
250.472
251.661
250.646
248.413
247.304
243.552
238.995
237.812
239.873
242.492
246.255
249.884
252.694
255.862
257.926
259.027
260.152
261.143
261.130
258.651
256.838
255.498
255.285
256.476
257.803
259.273
260.349
261.305
261.234
260.199
259.380
258.815
260.111
261.882
263.447
264.160
263.909
263.037
260.700
258.804
256.267
255.212
255.619
256.433
257.432
258.126
257.911
255.899
252.463
247.914
241.789
232.410
218.431
207.336
196.427
196.356
202.226
214.043
220.036
222.746
226.683
229.290
228.596
227.807
226.241
218.876
215.303
215.224
215.946
216.280
219.544
224.173
226.274
229.992
230.427
227.404
227.900
228.451
225.898
220.696
214.575
212.581
212.806
215.798
225.082
235.526
238.400
239.488
238.677
233.835
227.007
0.000
0.000
0.000
0.000
0.000
0.000
0.000
0.000
0.000
0.000
0.000
0.000
0.000
0.000
0.000
0.000
0.000
0.000
0.000
0.000
0.000
0.000
0.000
0.000
0.000
0.000
0.000
0.000
0.000
0.000
0.000
0.000
0.000
0.000
0.000
0.000
0.000
0.000
0.000
0.000
0.000
0.000
0.000
0.000
0.000
0.000
0.000
0.000
0.000
0.000
0.000
0.000
0.000
413.120
404.007
390.991
361.179
326.534
311.048
307.398
309.260
314.611
318.570
335.809
348.028
357.211
363.755
372.764
376.182
379.371
381.659
385.464
388.939
389.798
388.760
387.987
386.472
385.823
388.197
391.705
393.716
392.677
388.922
382.287
370.164
360.136
351.357
333.236
319.415
351.929
349.130
345.889
346.080
344.649
344.068
343.218
342.232
342.011
341.806
341.564
341.338
341.022
340.667
341.593
342.453
342.793
343.111
342.872
342.392
340.436
336.569
328.211
317.217
305.282
240.187
235.055
221.645
212.845
0.000
498.235
510.875
549.501
596.172
0.000
0.000
0.000
0.000
0.000
0.000
263.285
262.196
278.732
285.544
286.810
282.112
286.681
294.422
292.984
292.642
291.267
280.856
263.839
0.000
0.000
0.000
0.000
0.000
0.000
0.000
0.000
0.000
0.000
0.000
0.000
0.000
257.377
258.467
258.860
259.926
260.312
259.881
260.207
260.699
260.772
258.996
256.899
255.512
254.692
255.177
255.274
256.651
258.945
260.308
262.002
263.306
263.752
263.415
262.837
261.516
259.720
256.914
254.343
252.882
252.436
251.692
251.036
252.085
254.203
256.872
259.055
259.900
260.775
262.525
262.470
260.864
259.567
257.682
256.028
254.301
253.258
253.085
254.168
255.236
256.132
257.328
257.864
257.982
257.885
257.586
257.033
257.157
257.325
257.254
256.708
256.566
256.800
256.970
258.006
258.802
258.830
258.528
257.829
257.704
257.810
258.411
259.100
259.511
259.372
259.638
259.780
259.812
259.639
258.910
258.328
257.498
257.052
257.054
257.315
257.843
258.675
259.701
261.197
262.300
263.546
264.916
265.973
266.044
264.112
262.111
261.150
258.969
257.702
257.359
257.091
256.607
257.322
258.698
259.817
259.393
259.076
262.965
268.154
273.304
277.601
280.281
281.229
281.644
282.073
280.188
274.004
265.318
256.446
245.097
227.929
214.632
201.202
189.358
180.792
169.409
160.803
171.572
180.999
190.981
199.588
204.976
217.920
220.981
218.185
221.278
222.227
219.824
214.391
217.100
213.677
212.867
211.354
220.232
225.514
228.135
230.663
229.885
230.836
232.885
232.818
235.415
233.877
232.717
233.351
234.044
232.927
231.351
231.076
230.729
229.952
230.469
232.320
233.865
234.560
235.015
235.480
234.859
234.178
233.155
232.931
232.632
231.562
231.630
232.031
232.814
233.528
234.242
234.496
233.846
232.718
231.497
230.716
230.187
230.329
231.270
233.107
236.209
238.375
239.100
238.677
237.119
233.774
228.970
227.773
236.905
245.184
251.545
255.791
259.569
263.107
264.256
264.780
263.885
262.441
261.348
259.387
257.302
258.900
261.030
261.655
261.674
261.047
260.429
259.384
258.086
257.775
259.538
261.004
261.097
260.614
259.086
257.203
255.978
255.180
255.175
255.357
255.966
256.777
256.932
257.033
257.839
259.200
260.788
262.946
264.769
265.741
265.413
262.701
256.485
244.819
255.524
551.047
556.546
551.064
547.967
545.131
539.211
536.787
0.000
0.000
0.000
0.000
0.000
0.000
0.000
138.658
132.759
131.894
0.000
0.000
0.000
0.000
0.000
131.098
135.767
137.470
138.747
281.965
286.620
288.824
293.599
292.208
290.284
287.450
285.396
285.766
286.244
286.953
287.326
286.759
286.189
285.472
285.785
286.926
288.466
290.671
292.457
294.928
296.352
297.010
295.862
293.511
292.076
291.411
291.334
291.954
292.619
292.394
292.120
292.864
293.617
294.062
293.976
294.061
293.668
292.012
287.933
273.808
259.037
278.671
0.000
0.000
0.000
0.000
0.000
0.000
0.000
328.047
345.835
356.325
368.167
373.421
373.822
369.178
361.220
352.494
346.299
340.102
337.587
339.818
342.830
346.085
348.074
350.916
352.347
353.379
352.747
352.390
352.348
352.163
352.486
352.084
351.231
351.461
353.166
355.538
359.041
361.386
360.545
357.615
353.429
349.177
344.407
341.058
341.750
345.232
349.153
353.783
356.623
357.397
357.282
358.135
355.866
353.316
351.070
0.000
0.000
0.000
0.000
0.000
0.000
0.000
0.000
0.000
0.000
0.000
0.000
0.000
0.000
0.000
0.000
0.000
0.000
0.000
0.000
0.000
0.000
0.000
0.000
0.000
0.000
0.000
0.000
0.000
0.000
0.000
0.000
0.000
0.000
0.000
0.000
0.000
0.000
0.000
0.000
0.000
0.000
0.000
0.000
0.000
0.000
0.000
384.571
391.195
385.387
377.674
369.443
362.681
370.476
327.734
322.340
324.070
330.911
343.086
353.273
360.020
367.361
377.406
382.233
388.281
392.773
394.462
395.351
395.713
393.463
390.107
385.301
378.894
372.956
370.521
364.696
347.628
340.050
343.000
348.610
349.226
349.602
346.841
345.220
344.673
344.616
344.659
344.228
344.315
344.167
343.920
343.224
342.451
341.842
342.448
343.457
344.360
345.040
344.911
343.798
341.692
338.726
334.600
327.300
313.928
294.366
284.260
266.513
261.233
256.466
252.613
253.428
256.419
253.741
252.993
253.373
255.763
258.015
260.208
261.142
261.391
261.122
259.907
257.995
256.920
260.432
267.025
276.479
286.109
287.263
291.593
291.268
283.037
274.864
264.041
249.457
233.175
217.253
202.990
202.662
210.559
221.118
230.572
238.725
245.428
251.372
257.366
264.153
267.301
268.853
269.665
269.636
268.449
265.116
262.825
262.189
260.422
255.974
256.959
257.217
258.082
259.111
259.694
260.520
261.506
260.933
259.391
258.853
257.697
255.947
254.618
255.501
255.648
255.159
254.535
254.976
255.231
255.132
255.974
256.658
256.295
255.729
256.187
256.971
257.439
257.170
256.959
256.082
255.429
254.202
253.462
253.722
253.629
253.814
254.076
254.136
255.494
255.787
255.664
255.686
254.554
254.188
253.582
253.000
252.606
252.449
253.372
254.294
254.904
255.761
256.365
256.628
257.186
256.577
255.497
254.939
253.822
253.239
253.234
253.904
255.956
257.792
259.716
260.462
260.794
259.797
258.166
256.949
256.987
257.166
256.845
255.571
252.519
246.645
237.710
222.268
239.657
249.099
249.104
251.474
253.929
257.110
260.750
262.044
265.125
270.273
278.307
284.664
288.091
292.974
285.699
265.902
259.413
0.000
0.000
0.000
0.000
0.000
0.000
0.000
0.000
0.000
0.000
0.000
0.000
0.000
0.000
0.000
0.000
0.000
169.070
172.187
172.574
173.689
175.644
178.427
181.176
181.718
181.030
181.522
183.269
184.615
184.946
185.209
185.755
187.939
189.950
188.416
188.011
188.785
189.358
189.305
190.123
192.288
192.738
192.925
193.957
194.559
193.686
193.211
194.492
194.354
193.570
194.077
194.550
194.066
194.150
193.659
192.615
191.761
191.562
190.801
190.369
191.123
192.134
193.169
193.551
193.959
193.729
193.008
192.576
192.135
192.015
191.914
192.231
192.604
192.034
191.723
191.675
191.059
190.875
190.827
191.057
192.116
193.060
194.143
194.483
193.856
193.299
192.066
190.837
190.582
190.555
190.962
192.294
193.460
194.899
195.821
195.269
193.298
190.944
190.017
190.142
190.558
191.398
192.282
193.755
195.278
195.749
195.017
194.483
192.119
190.388
190.160
190.010
189.890
190.219
190.581
191.102
190.850
190.095
189.606
189.443
189.291
190.264
190.864
191.376
192.824
192.903
192.318
191.011
189.579
188.897
188.135
188.237
188.207
189.017
189.863
190.181
190.947
191.242
192.092
193.123
193.172
193.271
193.264
192.021
190.261
189.249
188.482
188.148
188.935
190.483
192.773
195.300
197.300
198.300
199.196
199.192
197.196
187.768
182.327
183.537
184.388
186.397
188.107
186.032
0.000
186.677
190.105
191.006
191.262
191.631
192.673
190.573
188.732
188.997
190.769
190.451
191.076
190.924
191.743
193.330
195.753
198.455
198.499
196.833
191.902
186.900
186.769
188.177
189.372
191.284
193.817
196.804
197.118
197.546
195.391
188.314
0.000
0.000
0.000
191.520
191.748
0.000
0.000
0.000
0.000
0.000
0.000
0.000
0.000
0.000
0.000
0.000
0.000
0.000
0.000
0.000
0.000
0.000
0.000
0.000
0.000
0.000
0.000
0.000
0.000
0.000
0.000
0.000
0.000
0.000
0.000
0.000
0.000
0.000
0.000
0.000
0.000
0.000
0.000
0.000
0.000
0.000
0.000
0.000
0.000
0.000
0.000
0.000
0.000
0.000
0.000
