每10ms一个pitch值（Hz）
0.000
0.000
0.000
0.000
0.000
0.000
0.000
0.000
0.000
0.000
0.000
0.000
0.000
0.000
0.000
0.000
0.000
0.000
0.000
0.000
0.000
0.000
0.000
225.168
223.164
217.118
213.343
211.743
211.166
211.242
211.537
211.716
213.409
216.781
220.095
223.026
226.229
230.057
232.420
235.050
236.809
235.754
230.721
223.494
209.311
210.430
212.843
0.000
0.000
0.000
0.000
0.000
0.000
190.412
188.935
189.153
189.078
185.847
182.124
179.444
176.662
174.557
173.300
173.165
173.676
173.758
173.926
173.737
173.637
174.283
173.726
173.069
173.290
171.907
167.755
164.432
0.000
0.000
0.000
0.000
0.000
0.000
0.000
0.000
0.000
137.735
131.812
127.902
126.648
126.310
126.006
126.851
129.177
132.984
136.419
139.311
142.292
143.746
144.547
145.294
144.822
143.911
141.904
140.452
138.182
135.825
134.541
134.976
134.877
139.209
141.391
141.163
0.000
0.000
0.000
0.000
141.383
132.438
130.149
130.299
130.936
130.888
130.736
130.217
129.467
129.254
128.819
128.111
127.305
125.971
124.584
123.990
124.079
124.687
126.086
127.607
128.491
129.609
130.756
130.768
129.791
129.105
128.326
127.231
126.078
125.292
125.158
125.236
125.566
126.113
126.344
126.354
126.146
126.598
127.451
128.338
129.702
129.994
130.115
130.508
130.886
131.482
131.481
130.757
129.721
128.848
128.448
128.094
128.082
129.053
129.993
130.170
130.237
129.946
129.448
128.914
128.176
126.839
126.888
127.788
127.873
127.898
127.808
127.685
127.238
127.234
126.731
126.545
126.725
127.116
127.234
127.321
127.459
127.759
127.483
126.841
126.490
126.105
125.712
125.958
126.723
127.817
129.138
129.677
129.993
129.996
129.661
129.004
128.421
126.955
126.021
126.299
126.286
125.908
124.959
125.186
126.908
142.491
147.712
145.025
143.848
142.381
140.693
139.379
138.712
137.521
136.955
138.163
139.578
140.787
142.237
143.455
144.392
144.788
143.323
141.565
140.006
138.422
135.992
133.521
131.824
128.177
125.641
118.440
116.940
113.461
110.630
108.378
106.243
106.069
105.600
105.877
106.681
108.160
109.668
111.873
113.620
114.724
115.449
115.837
115.532
114.490
114.026
113.986
113.983
113.921
114.092
115.291
116.185
116.338
116.470
116.309
115.965
115.492
115.035
114.722
114.356
114.107
113.907
113.557
114.383
115.121
115.748
116.643
116.896
116.638
116.811
116.737
116.108
116.338
116.496
116.269
116.459
116.465
116.690
116.561
116.013
115.701
115.418
115.589
116.019
116.637
116.895
116.335
117.277
119.971
120.552
120.540
120.839
122.929
126.498
130.404
135.715
137.375
136.969
137.064
135.624
133.257
129.822
128.375
127.730
125.989
125.906
126.402
127.251
128.103
127.768
127.065
126.384
124.842
124.226
124.027
124.109
124.855
125.478
126.194
126.164
126.238
125.905
125.416
125.075
125.233
125.601
126.201
126.284
126.072
125.708
124.951
124.557
123.924
123.546
124.700
126.000
126.695
127.323
127.838
128.236
128.671
129.062
128.745
128.686
128.676
127.921
127.008
125.049
123.065
122.714
125.085
0.000
0.000
141.549
139.373
136.364
134.114
133.152
132.418
131.624
131.078
131.173
131.510
131.966
133.046
134.367
136.179
138.857
141.665
144.468
147.533
149.694
151.120
152.051
152.034
151.317
150.262
148.647
147.511
146.169
144.814
143.149
142.139
141.718
142.588
143.253
143.502
143.300
142.965
142.839
143.199
143.930
144.527
144.969
144.728
144.108
143.229
141.833
140.173
140.266
141.124
142.722
143.727
0.000
0.000
0.000
0.000
0.000
0.000
195.961
190.712
184.465
180.048
178.542
178.175
177.584
177.463
177.478
177.145
176.713
176.208
175.641
175.823
176.299
176.074
175.546
174.969
173.723
172.137
171.106
170.200
169.558
170.138
171.150
171.896
172.060
172.389
173.011
174.004
175.200
176.197
176.357
176.164
176.242
176.337
176.075
176.146
176.354
175.336
174.042
172.514
171.854
169.788
163.855
0.000
0.000
0.000
0.000
0.000
0.000
0.000
0.000
0.000
0.000
0.000
0.000
0.000
0.000
0.000
0.000
0.000
0.000
0.000
0.000
0.000
0.000
0.000
0.000
0.000
0.000
0.000
0.000
0.000
0.000
0.000
0.000
0.000
0.000
0.000
