每10ms一个pitch值（Hz）
0.000
0.000
0.000
0.000
0.000
0.000
0.000
0.000
0.000
0.000
0.000
0.000
0.000
0.000
0.000
0.000
0.000
0.000
0.000
0.000
0.000
223.055
224.703
218.505
214.087
212.009
211.251
211.174
211.483
211.608
212.744
215.870
219.246
222.314
225.283
229.128
231.913
234.300
236.557
236.420
232.425
225.539
217.138
209.846
212.616
0.000
0.000
0.000
0.000
0.000
0.000
191.541
189.056
189.056
189.265
187.040
182.852
180.192
177.341
175.025
173.528
173.098
173.548
173.779
173.853
173.864
173.538
174.171
174.004
173.079
173.325
172.462
169.181
165.282
0.000
0.000
0.000
0.000
0.000
0.000
0.000
0.000
0.000
138.056
132.411
128.513
126.863
126.380
126.028
126.482
128.422
131.937
135.623
138.524
141.622
143.504
144.309
145.201
145.010
144.254
142.458
140.757
139.011
136.508
134.254
135.258
134.849
138.436
141.610
141.216
0.000
0.000
0.000
0.000
142.231
133.985
130.421
130.111
130.826
130.962
130.750
130.448
129.595
129.299
128.978
128.297
127.545
126.372
124.887
124.086
123.971
124.490
125.622
127.282
128.283
129.254
130.498
130.949
130.026
129.283
128.544
127.557
126.346
125.440
125.153
125.195
125.441
126.001
126.297
126.393
126.167
126.403
127.235
128.052
129.395
130.006
130.037
130.408
130.774
131.316
131.598
130.967
130.017
129.030
128.531
128.191
127.991
128.735
129.840
130.145
130.250
130.042
129.603
129.028
128.465
127.151
126.660
127.663
127.857
127.908
127.821
127.780
127.302
127.269
126.869
126.539
126.664
127.001
127.241
127.280
127.420
127.679
127.646
126.984
126.559
126.225
125.772
125.832
126.491
127.475
128.868
129.571
129.942
130.012
129.812
129.146
128.638
127.383
126.103
126.200
126.335
126.065
125.197
124.933
126.767
0.000
148.452
145.559
144.114
142.850
141.087
139.672
138.873
137.907
136.879
137.789
139.214
140.497
141.789
143.238
144.093
144.902
143.763
142.027
140.385
138.888
136.694
133.942
132.461
129.260
126.083
120.711
117.205
114.465
111.242
108.895
106.717
106.003
105.732
105.728
106.363
107.770
109.218
111.209
113.294
114.453
115.313
115.753
115.768
114.701
114.118
113.957
114.011
113.927
113.961
114.897
116.068
116.296
116.459
116.384
116.063
115.624
115.163
114.764
114.509
114.104
114.025
113.554
114.089
114.971
115.547
116.437
116.916
116.690
116.718
116.868
116.215
116.222
116.530
116.290
116.406
116.476
116.589
116.705
116.097
115.804
115.455
115.498
115.913
116.428
116.953
116.440
116.729
119.426
120.535
120.545
120.633
122.166
125.525
129.301
134.361
137.385
137.016
137.075
136.197
133.937
130.700
128.497
128.020
126.411
125.705
126.342
126.884
128.020
127.936
127.225
126.640
125.229
124.280
124.094
123.973
124.723
125.202
126.165
126.106
126.301
125.970
125.594
125.078
125.188
125.480
126.044
126.337
126.106
125.875
125.110
124.670
124.111
123.550
124.253
125.743
126.532
127.165
127.713
128.137
128.537
129.018
128.855
128.645
128.742
128.168
127.259
125.737
123.370
122.802
123.795
0.000
0.000
142.356
139.965
137.221
134.519
133.368
132.607
131.834
131.156
131.105
131.425
131.790
132.709
134.030
135.612
138.060
140.993
143.664
146.860
149.209
150.770
151.917
152.100
151.566
150.577
149.059
147.792
146.541
145.156
143.624
142.293
141.760
142.269
143.154
143.465
143.393
143.045
142.827
143.046
143.750
144.360
144.926
144.834
144.314
143.476
142.275
140.526
140.027
140.985
141.453
143.649
0.000
0.000
0.000
0.000
0.000
0.000
0.000
192.606
186.020
180.944
178.714
178.298
177.719
177.454
177.500
177.265
176.813
176.375
175.748
175.694
176.221
176.200
175.675
175.150
174.145
172.505
171.350
170.438
169.631
169.889
170.885
171.755
172.042
172.263
172.812
173.715
174.880
175.988
176.398
176.191
176.205
176.334
176.165
176.045
176.405
175.683
174.386
172.919
171.900
171.002
164.274
0.000
0.000
0.000
0.000
0.000
0.000
0.000
0.000
0.000
0.000
0.000
0.000
0.000
0.000
0.000
0.000
0.000
0.000
0.000
0.000
0.000
0.000
0.000
0.000
0.000
0.000
0.000
0.000
0.000
0.000
0.000
0.000
0.000
0.000
0.000
0.000
0.000
0.000
0.000
0.000
0.000
0.000
0.000
0.000
0.000
0.000
179.962
175.722
176.496
177.483
178.003
177.837
177.738
177.514
176.699
176.033
176.021
176.877
177.868
179.860
183.753
187.481
191.423
195.042
197.935
200.094
202.801
204.446
204.821
202.666
199.391
195.115
191.791
188.757
184.490
183.903
180.291
172.648
170.835
168.706
171.230
173.733
175.925
177.499
178.540
179.246
179.635
179.921
180.289
180.372
179.909
179.203
178.373
177.539
176.968
177.207
178.371
180.332
181.918
181.956
181.346
180.474
178.772
175.909
171.445
165.835
172.111
175.708
178.757
180.194
178.158
178.562
180.599
180.737
173.086
135.366
131.288
127.236
125.677
125.781
126.400
127.434
129.067
132.009
135.940
138.230
141.357
143.386
144.835
146.862
148.067
148.112
146.591
143.379
138.649
138.956
0.000
0.000
0.000
0.000
0.000
0.000
0.000
0.000
0.000
0.000
0.000
0.000
0.000
134.840
133.114
132.777
133.058
133.149
133.079
132.235
131.551
130.596
129.588
128.794
127.777
127.157
127.239
127.429
127.889
128.770
130.093
131.310
132.075
132.724
133.922
134.265
133.664
133.194
132.715
131.708
131.110
130.719
130.935
130.986
130.667
129.996
129.570
129.214
128.838
129.043
129.558
130.191
130.956
131.620
132.263
132.593
132.983
133.284
133.728
133.977
133.795
132.998
131.894
130.479
129.383
128.746
128.565
128.597
129.060
129.719
130.654
131.362
131.903
132.913
134.251
134.906
135.056
134.628
133.477
131.503
130.104
129.738
129.823
130.351
131.333
131.713
131.922
131.881
132.097
132.056
131.872
131.748
131.202
131.143
131.273
131.571
131.529
131.801
132.168
132.002
132.176
131.415
129.903
130.073
0.000
0.000
0.000
0.000
0.000
139.338
139.277
137.047
135.380
134.221
132.462
131.621
130.526
129.609
128.837
128.715
129.489
132.699
137.026
140.448
142.825
142.707
142.599
141.914
140.388
139.323
139.089
139.637
0.000
0.000
0.000
0.000
0.000
0.000
0.000
0.000
0.000
0.000
0.000
0.000
0.000
141.991
139.089
136.443
133.933
131.683
130.908
130.736
131.357
132.029
132.395
132.672
133.434
133.525
133.203
132.920
132.552
132.628
132.196
131.454
130.764
130.618
130.548
130.382
130.573
130.997
131.637
131.795
131.391
130.884
130.632
130.892
131.227
131.362
131.509
131.406
131.495
131.345
130.910
130.263
129.764
129.318
128.715
129.088
129.960
130.666
131.118
130.841
129.962
129.300
128.345
127.949
128.210
128.709
129.461
130.111
130.478
129.953
129.588
129.152
128.624
127.497
126.883
127.601
129.329
130.908
131.948
132.283
132.494
132.386
131.620
131.176
131.121
131.397
132.225
133.031
133.739
133.622
132.664
131.854
131.266
130.519
129.660
129.034
128.532
129.244
130.181
130.384
129.576
128.096
125.569
122.549
119.927
117.852
113.935
110.859
110.032
110.737
112.451
113.872
114.690
116.328
117.550
118.162
118.294
117.681
117.066
116.387
115.456
114.969
114.668
114.505
114.731
115.271
115.970
116.470
116.885
116.370
115.215
109.428
110.002
111.986
111.428
110.418
0.000
0.000
127.500
120.100
117.776
116.337
114.494
112.671
112.681
113.207
113.628
114.311
114.566
114.877
115.298
115.879
116.540
116.915
116.800
116.777
116.981
117.349
118.232
119.581
121.472
123.094
124.622
126.729
128.159
128.970
128.857
128.609
127.374
125.792
124.292
123.826
123.880
125.350
126.720
127.745
128.580
128.787
129.250
128.585
127.997
127.107
126.752
126.525
126.613
126.471
126.733
127.096
126.879
126.940
126.759
126.608
126.654
126.493
126.012
125.601
125.576
125.702
125.701
125.580
125.794
125.754
126.181
126.575
127.112
126.913
127.106
126.954
126.492
125.170
123.818
122.608
121.977
121.339
120.484
119.826
118.337
117.438
117.653
117.431
116.820
116.585
116.256
116.074
117.502
117.956
117.344
116.650
116.239
115.993
115.302
115.221
115.418
114.907
114.756
114.320
114.766
115.683
116.472
116.439
116.982
116.244
115.925
115.784
115.603
115.084
115.515
115.237
115.187
115.591
116.452
117.235
118.136
119.715
120.857
121.780
123.754
125.052
122.925
118.618
107.260
0.000
0.000
0.000
0.000
0.000
0.000
0.000
0.000
0.000
0.000
0.000
0.000
0.000
0.000
0.000
0.000
0.000
0.000
0.000
0.000
0.000
0.000
0.000
0.000
0.000
0.000
0.000
0.000
0.000
0.000
0.000
0.000
0.000
