每10ms一个pitch值（Hz）
0.000
0.000
0.000
0.000
0.000
0.000
0.000
0.000
0.000
0.000
0.000
0.000
0.000
0.000
0.000
0.000
0.000
0.000
0.000
0.000
0.000
0.000
0.000
0.000
0.000
0.000
0.000
0.000
0.000
0.000
0.000
0.000
226.024
221.146
215.690
212.659
211.499
211.130
211.344
211.564
211.996
214.366
217.823
221.066
223.900
227.433
230.968
233.108
235.822
236.887
234.615
228.545
219.119
209.268
211.441
213.086
218.529
0.000
0.000
0.000
0.000
195.369
189.611
188.931
189.256
188.529
184.431
181.337
178.547
175.926
174.069
173.136
173.307
173.767
173.759
173.962
173.592
173.853
174.275
173.383
173.184
173.082
171.108
166.861
164.325
0.000
0.000
0.000
0.000
0.000
0.000
0.000
0.000
0.000
136.626
131.135
127.413
126.499
126.185
126.091
127.416
130.272
134.147
137.288
140.301
142.922
143.975
144.857
145.251
144.614
143.362
141.337
140.031
137.524
134.826
136.067
134.861
137.453
141.901
141.281
141.091
0.000
0.000
0.000
148.078
137.456
131.324
129.997
130.542
131.006
130.801
130.683
129.930
129.371
129.166
128.611
127.889
126.955
125.494
124.331
123.932
124.241
124.987
126.621
127.931
128.759
129.996
130.958
130.465
129.569
128.886
128.033
126.836
125.792
125.194
125.166
125.301
125.747
126.210
126.386
126.270
126.190
126.867
127.696
128.754
129.919
129.987
130.225
130.615
131.045
131.608
131.288
130.482
129.401
128.691
128.356
128.006
128.287
129.422
130.097
130.207
130.177
129.823
129.256
128.772
127.766
126.610
127.246
127.831
127.900
127.870
127.808
127.524
127.243
127.108
126.608
126.585
126.828
127.201
127.227
127.373
127.536
127.773
127.264
126.711
126.392
125.943
125.711
126.166
127.017
128.257
129.366
129.807
130.011
129.956
129.449
128.860
128.047
126.513
126.053
126.354
126.198
125.660
124.819
125.875
128.472
149.702
146.810
144.569
143.502
141.809
140.260
139.126
138.454
137.118
137.226
138.612
139.977
141.156
142.722
143.682
144.722
144.443
142.788
141.047
139.555
137.753
135.125
133.135
130.783
127.136
124.817
117.371
116.126
112.414
109.866
107.750
105.973
106.016
105.568
106.034
107.119
108.558
110.233
112.552
113.965
115.006
115.586
115.901
115.171
114.307
113.961
114.015
113.947
113.909
114.351
115.707
116.252
116.397
116.453
116.205
115.833
115.351
114.899
114.676
114.200
114.107
113.738
113.689
114.671
115.287
116.037
116.814
116.818
116.625
116.904
116.516
116.093
116.459
116.406
116.299
116.487
116.481
116.773
116.340
115.936
115.583
115.414
115.717
116.157
116.842
116.723
116.343
118.214
120.366
120.559
120.532
121.242
123.937
127.651
131.952
136.806
137.220
136.993
136.880
134.910
132.289
129.059
128.268
127.228
125.692
126.156
126.516
127.648
128.095
127.543
126.894
125.959
124.516
124.185
123.955
124.352
124.956
125.865
126.139
126.255
126.124
125.818
125.218
125.112
125.315
125.779
126.316
126.193
126.035
125.457
124.815
124.386
123.733
123.714
125.186
126.235
126.887
127.504
127.962
128.343
128.841
129.028
128.651
128.739
128.523
127.630
126.603
124.240
122.907
122.525
126.763
0.000
143.926
140.853
138.583
135.464
133.745
132.925
132.185
131.397
131.055
131.278
131.602
132.221
133.481
134.797
136.907
139.818
142.436
145.501
148.278
150.173
151.518
152.116
151.895
151.012
149.801
148.246
147.134
145.730
144.370
142.700
141.972
141.830
142.897
143.353
143.493
143.190
142.884
142.890
143.420
144.107
144.729
144.945
144.585
143.855
142.883
141.273
139.952
140.593
141.158
143.455
143.868
0.000
0.000
0.000
0.000
0.000
0.000
194.827
188.663
182.851
179.315
178.433
177.994
177.492
177.486
177.414
176.998
176.593
176.007
175.593
175.999
176.314
175.909
175.393
174.690
173.206
171.784
170.825
169.927
169.608
170.444
171.426
171.997
172.112
172.547
173.276
174.364
175.550
176.344
176.281
176.166
176.287
176.294
176.006
176.295
176.158
174.934
173.614
172.147
171.754
167.534
165.912
0.000
0.000
0.000
0.000
0.000
0.000
0.000
0.000
0.000
0.000
0.000
0.000
0.000
0.000
0.000
0.000
0.000
0.000
0.000
0.000
0.000
0.000
0.000
0.000
0.000
0.000
0.000
0.000
0.000
0.000
0.000
0.000
0.000
0.000
0.000
0.000
0.000
0.000
0.000
0.000
0.000
0.000
0.000
0.000
0.000
0.000
176.518
175.922
177.139
177.855
177.961
177.731
177.716
177.060
176.289
175.889
176.467
177.412
178.759
181.944
185.967
189.614
193.633
196.781
199.144
201.626
203.913
204.900
203.846
200.902
197.067
192.913
190.454
185.536
184.462
182.085
177.509
171.617
168.958
170.026
172.689
175.041
176.899
178.148
178.970
179.516
179.776
180.139
180.400
180.165
179.513
178.749
177.897
177.120
177.028
177.705
179.471
181.383
182.109
181.624
180.908
179.648
177.283
173.779
167.086
169.293
174.467
177.449
180.077
178.760
178.298
180.217
180.484
175.350
136.200
133.233
128.742
126.001
125.711
125.981
127.011
128.205
130.527
134.499
137.241
139.981
142.648
144.208
145.885
147.786
148.214
147.444
145.284
141.392
138.777
0.000
0.000
0.000
0.000
0.000
0.000
0.000
0.000
0.000
0.000
0.000
0.000
0.000
135.870
133.791
132.718
132.995
133.062
133.229
132.618
131.839
131.062
129.979
129.150
128.220
127.333
127.137
127.354
127.620
128.366
129.427
130.893
131.745
132.446
133.330
134.351
133.933
133.341
133.024
132.095
131.378
130.787
130.839
130.980
130.884
130.272
129.727
129.386
128.968
128.867
129.328
129.910
130.609
131.358
131.990
132.491
132.789
133.172
133.516
133.915
133.956
133.373
132.437
131.095
129.770
128.976
128.605
128.535
128.853
129.348
130.303
131.046
131.701
132.346
133.741
134.710
135.039
134.891
134.111
132.367
130.581
129.774
129.775
130.035
130.933
131.607
131.861
131.888
131.987
132.151
131.888
131.895
131.394
131.131
131.184
131.459
131.587
131.585
132.111
132.044
132.109
131.940
130.485
129.535
133.204
0.000
0.000
0.000
0.000
0.000
140.516
137.779
136.130
134.700
133.222
131.916
131.050
129.964
129.124
128.675
128.976
130.984
135.702
138.974
142.175
142.920
142.568
142.416
141.006
139.736
138.954
139.365
0.000
0.000
0.000
0.000
0.000
0.000
0.000
0.000
0.000
0.000
0.000
0.000
0.000
143.457
140.422
137.517
134.997
132.551
131.084
130.730
131.036
131.771
132.270
132.513
133.099
133.592
133.347
133.052
132.684
132.575
132.483
131.759
131.041
130.600
130.634
130.412
130.453
130.793
131.357
131.826
131.596
131.104
130.667
130.731
131.126
131.285
131.487
131.460
131.436
131.455
131.144
130.515
129.977
129.526
128.940
128.774
129.600
130.388
130.968
131.095
130.326
129.578
128.793
127.977
128.083
128.440
129.157
129.820
130.425
130.218
129.725
129.356
128.868
128.116
126.875
127.272
128.363
130.336
131.580
132.207
132.366
132.561
131.952
131.299
131.134
131.188
131.843
132.699
133.472
133.823
133.115
132.127
131.557
130.846
130.017
129.310
128.654
128.817
129.826
130.409
130.033
128.785
126.847
124.071
120.788
118.900
115.838
111.827
110.095
110.278
111.737
113.323
114.446
115.295
117.218
117.910
118.347
118.008
117.285
116.737
115.815
115.143
114.782
114.537
114.602
114.980
115.694
116.259
116.781
116.689
115.937
112.381
108.893
111.566
111.664
110.945
110.371
0.000
0.000
124.344
118.220
117.108
115.231
113.392
112.395
113.067
113.345
114.100
114.427
114.742
115.098
115.594
116.283
116.792
116.905
116.719
116.898
117.142
117.767
118.973
120.578
122.507
123.870
125.840
127.595
128.767
128.932
128.792
128.020
126.494
124.827
123.952
123.716
124.594
126.257
127.252
128.360
128.631
129.169
128.887
128.321
127.416
126.905
126.557
126.585
126.565
126.499
127.055
126.963
126.907
126.865
126.632
126.656
126.564
126.295
125.697
125.556
125.666
125.708
125.601
125.739
125.716
125.995
126.354
126.983
127.002
126.993
127.088
126.757
125.810
124.389
123.069
122.201
121.658
120.817
120.151
119.082
117.609
117.533
117.606
117.085
116.599
116.536
115.902
116.933
117.874
117.708
116.898
116.361
116.186
115.525
115.232
115.327
115.210
114.770
114.504
114.468
115.201
116.286
116.395
116.822
116.655
116.001
115.801
115.750
115.255
115.246
115.499
115.126
115.334
116.068
116.925
117.632
119.087
120.383
121.419
122.659
124.941
124.160
120.808
112.960
106.663
0.000
0.000
0.000
0.000
0.000
0.000
0.000
0.000
0.000
0.000
0.000
0.000
0.000
0.000
0.000
0.000
0.000
0.000
0.000
0.000
0.000
0.000
0.000
0.000
0.000
0.000
0.000
0.000
0.000
0.000
0.000
0.000
0.000
0.000
0.000
0.000
0.000
0.000
0.000
0.000
0.000
0.000
0.000
0.000
0.000
0.000
207.008
208.176
211.210
213.035
213.909
214.897
215.792
216.020
215.947
215.159
214.545
214.066
213.499
213.355
213.288
213.522
213.253
211.725
209.304
200.898
196.168
201.030
204.114
194.459
190.007
188.778
187.758
187.390
186.694
185.744
185.205
184.656
184.427
184.337
184.196
183.667
182.899
182.455
182.524
182.663
183.078
183.245
182.824
181.892
180.342
178.378
177.807
181.942
181.994
181.863
183.148
0.000
156.575
150.493
139.679
133.981
131.104
130.445
131.802
132.577
133.946
137.304
140.679
142.441
144.408
146.179
148.314
147.972
146.791
145.968
145.345
144.126
142.635
141.904
139.449
137.517
136.458
137.312
0.000
0.000
0.000
0.000
0.000
0.000
0.000
0.000
132.396
133.771
131.980
131.597
131.199
130.684
130.656
130.210
129.320
128.728
127.988
127.518
127.218
127.175
127.143
127.260
127.351
127.839
127.823
127.742
127.805
127.855
127.776
128.055
128.429
128.876
129.200
129.545
129.970
130.122
130.157
129.902
129.711
129.501
129.142
128.723
128.057
127.661
127.639
127.617
127.618
127.703
128.012
128.196
128.258
128.230
127.862
127.359
126.880
127.016
127.287
128.096
128.408
128.287
128.093
127.638
127.202
126.806
126.539
126.743
127.305
127.761
128.201
128.385
128.033
127.833
127.611
127.125
127.023
127.543
129.062
131.666
135.063
137.645
141.416
146.574
128.344
130.176
133.760
122.367
122.403
121.883
120.125
121.764
130.619
130.236
127.832
126.086
125.099
125.302
125.837
126.101
125.596
125.169
125.166
125.625
127.291
129.556
131.854
133.895
135.341
137.595
140.484
143.043
144.055
144.590
144.670
143.826
141.476
138.936
137.471
134.373
129.975
126.316
123.475
119.909
118.023
115.311
114.454
113.733
113.365
113.983
115.623
116.604
116.713
117.622
118.417
118.210
117.900
117.666
117.508
117.522
118.031
117.572
117.299
116.491
115.908
115.196
114.692
114.082
113.922
113.718
113.336
113.711
114.426
114.850
115.052
115.598
115.895
115.822
115.779
116.009
116.025
116.149
116.377
116.294
115.581
115.142
115.378
115.733
115.437
115.221
115.115
114.879
114.282
114.181
114.480
114.418
114.565
114.858
115.378
116.018
116.356
116.474
116.397
116.372
116.400
116.908
117.241
117.033
116.939
116.537
115.688
113.498
109.352
113.497
114.674
0.000
0.000
0.000
0.000
144.471
140.419
135.452
134.306
133.020
131.737
130.224
128.947
127.861
126.574
125.617
125.627
125.810
125.943
126.543
127.738
128.762
129.581
129.629
128.439
127.413
126.455
125.561
124.975
125.326
126.091
126.433
126.400
126.812
126.876
127.428
128.125
128.734
129.521
130.076
130.680
130.957
130.882
130.151
128.895
126.789
121.973
122.013
126.145
0.000
0.000
0.000
0.000
0.000
0.000
0.000
0.000
0.000
0.000
0.000
0.000
0.000
0.000
0.000
0.000
0.000
0.000
136.686
134.857
133.287
132.513
131.623
130.585
130.082
129.557
128.350
127.954
128.322
129.176
131.062
133.502
136.058
139.037
142.131
143.782
145.364
145.768
145.145
143.475
142.012
141.370
141.043
141.038
140.835
140.642
140.504
140.281
139.893
139.729
139.835
140.271
140.871
141.752
142.684
143.225
143.249
143.198
143.574
143.954
144.437
144.596
144.462
144.255
144.546
144.977
145.376
143.266
141.229
142.418
141.934
142.822
0.000
0.000
0.000
0.000
0.000
0.000
0.000
0.000
0.000
0.000
182.566
179.379
176.316
174.223
173.095
173.049
174.593
175.731
176.641
177.203
176.240
174.565
172.885
171.525
171.208
171.211
170.841
171.270
171.487
171.510
171.652
171.744
172.153
172.757
174.304
176.752
179.266
181.295
181.919
180.876
179.971
178.731
177.231
176.161
173.416
167.614
170.259
175.345
177.565
180.011
177.323
172.730
0.000
0.000
0.000
0.000
0.000
0.000
0.000
0.000
0.000
0.000
0.000
0.000
0.000
0.000
0.000
0.000
0.000
0.000
0.000
0.000
0.000
0.000
0.000
0.000
0.000
0.000
0.000
0.000
0.000
0.000
0.000
0.000
0.000
0.000
0.000
0.000
0.000
0.000
0.000
0.000
0.000
0.000
0.000
0.000
177.323
178.114
179.339
179.675
179.202
178.675
178.345
178.150
178.679
180.168
183.054
186.687
191.070
196.577
199.960
204.595
210.649
213.640
213.897
214.047
214.083
212.624
210.334
206.947
202.527
197.227
190.334
185.165
179.736
172.789
157.078
171.808
176.090
181.931
184.771
186.071
186.387
185.661
184.396
183.115
181.755
180.434
178.463
176.679
175.376
174.857
175.322
176.220
177.460
178.665
179.630
180.300
180.911
181.065
180.925
180.842
180.578
180.075
178.932
176.626
172.055
164.534
160.625
153.306
144.336
137.643
131.346
126.672
126.413
123.438
122.465
123.644
124.519
126.755
129.723
131.846
134.708
136.807
139.585
141.465
142.451
142.654
142.988
142.839
141.958
140.927
139.890
138.368
136.597
135.358
134.021
130.945
128.185
126.959
122.373
121.628
121.615
123.081
124.579
126.822
127.276
127.402
127.965
127.343
127.273
127.002
126.853
126.995
126.730
126.458
126.216
125.867
125.613
125.458
125.827
126.111
126.463
126.537
126.152
125.568
125.277
125.538
125.895
126.243
126.441
126.587
126.665
126.434
126.334
126.880
127.096
126.718
126.911
127.173
127.334
127.778
128.308
128.403
128.396
127.935
127.358
127.272
127.180
127.392
127.942
128.433
128.353
128.223
128.065
128.565
129.441
130.551
130.924
130.866
130.944
130.513
129.688
128.950
128.286
127.605
126.596
126.381
126.377
126.757
127.430
127.632
127.821
127.740
127.737
127.485
127.469
127.774
127.895
127.874
127.403
126.897
126.932
126.850
126.871
126.890
126.835
126.658
126.359
125.841
125.477
125.519
125.627
125.829
125.907
125.878
125.921
126.550
127.289
127.962
128.081
128.235
128.134
127.926
127.979
128.219
128.371
128.299
128.446
128.223
128.327
128.013
127.912
127.614
127.569
128.109
128.558
129.013
129.435
129.098
128.547
129.233
128.397
135.130
138.638
139.838
139.898
139.221
138.779
138.363
137.188
136.669
136.494
137.089
138.263
139.200
139.808
140.602
141.337
142.008
142.397
142.490
142.252
141.051
138.654
134.443
133.113
133.493
0.000
0.000
0.000
0.000
0.000
0.000
0.000
0.000
101.581
100.573
98.007
96.383
97.189
96.685
95.858
96.127
95.618
95.599
95.285
94.377
94.570
95.148
95.992
96.695
97.493
97.881
98.424
98.595
97.613
97.332
97.179
97.254
97.564
97.315
96.840
96.876
96.697
96.286
96.616
97.019
97.368
97.791
97.681
97.059
96.312
95.156
94.957
94.961
94.749
94.346
95.170
95.382
95.565
95.789
95.689
95.114
95.315
96.040
95.759
95.195
95.659
96.730
97.058
97.243
97.587
97.890
98.345
98.738
98.942
99.002
99.412
99.885
99.106
98.192
97.688
96.696
97.021
96.702
97.128
96.917
96.554
97.740
97.102
97.527
96.998
96.993
96.654
95.739
95.382
95.220
95.017
95.746
96.923
96.713
96.791
96.781
97.163
97.057
96.910
97.532
97.585
98.059
98.905
98.856
98.981
99.103
98.793
101.536
100.646
107.650
104.044
104.586
97.279
101.325
97.812
100.164
98.224
99.840
97.770
97.129
100.543
105.581
100.603
101.437
96.200
97.694
96.427
97.119
97.106
97.211
96.936
96.601
96.400
96.284
95.778
95.745
95.711
96.137
95.693
95.139
96.174
97.594
98.031
98.632
99.319
99.229
99.801
99.026
97.375
98.534
99.514
100.121
99.805
100.369
102.156
102.254
103.267
103.958
103.280
105.698
105.448
105.288
104.622
104.063
99.277
96.194
99.308
0.000
0.000
0.000
0.000
0.000
0.000
0.000
0.000
0.000
0.000
0.000
0.000
0.000
0.000
0.000
0.000
0.000
0.000
0.000
0.000
0.000
0.000
0.000
0.000
0.000
0.000
0.000
0.000
0.000
0.000
0.000
0.000
0.000
0.000
0.000
0.000
0.000
0.000
0.000
0.000
0.000
0.000
0.000
0.000
0.000
0.000
0.000
0.000
0.000
0.000
0.000
0.000
0.000
