每10ms一个pitch值（Hz）
0.000
0.000
0.000
0.000
0.000
0.000
0.000
0.000
0.000
0.000
0.000
0.000
0.000
0.000
0.000
0.000
0.000
0.000
0.000
0.000
0.000
0.000
0.000
0.000
0.000
0.000
0.000
0.000
0.000
0.000
345.091
352.015
356.936
360.398
359.357
355.202
350.674
347.902
350.607
359.541
370.084
379.149
386.659
394.293
398.566
401.013
402.195
401.662
401.414
400.122
397.642
392.686
387.607
378.500
362.116
358.320
357.100
0.000
0.000
0.000
0.000
0.000
384.287
380.458
363.829
355.229
352.243
351.217
350.455
348.764
348.020
346.934
346.365
345.628
345.875
345.726
346.335
346.372
345.522
338.875
328.320
327.539
0.000
0.000
0.000
0.000
0.000
0.000
0.000
0.000
0.000
0.000
0.000
0.000
0.000
0.000
275.451
268.979
268.283
268.126
268.007
268.147
268.066
269.028
270.098
273.090
278.108
283.636
291.607
297.527
297.536
296.810
296.497
294.631
287.704
278.152
268.222
259.707
237.548
236.197
0.000
0.000
0.000
0.000
0.000
0.000
241.913
242.418
247.489
251.851
256.499
260.680
263.646
265.395
265.757
264.818
263.563
263.146
262.510
260.287
258.317
256.103
254.408
254.060
254.207
254.504
255.382
256.832
257.341
256.738
256.949
257.299
257.860
259.215
260.339
260.833
261.297
261.170
260.163
259.035
257.709
256.759
256.328
256.930
258.535
259.804
260.234
260.697
260.393
259.451
258.233
257.171
256.294
255.295
254.495
254.282
254.454
254.961
255.789
256.659
257.282
257.358
256.545
255.103
253.791
253.295
253.439
254.333
255.531
257.009
258.806
260.188
261.829
262.514
262.208
262.219
262.210
261.780
261.460
261.544
261.658
261.043
260.585
259.191
257.530
255.495
252.885
253.121
254.554
254.958
255.196
254.882
254.207
253.008
251.685
249.147
245.378
243.649
247.600
251.054
256.145
260.385
263.670
265.467
266.556
266.337
265.338
264.663
264.823
264.700
264.483
264.746
266.787
272.487
282.268
288.480
294.854
298.738
298.245
297.261
291.108
275.983
260.676
247.079
225.438
0.000
0.000
0.000
0.000
0.000
0.000
0.000
0.000
0.000
0.000
0.000
0.000
0.000
0.000
235.927
240.697
240.186
239.253
237.937
236.366
234.317
232.353
231.164
229.559
229.122
229.683
228.513
228.690
229.024
229.588
231.430
232.622
233.865
234.141
234.438
234.858
234.760
234.566
233.587
233.255
233.067
232.092
231.578
231.923
232.123
232.273
231.863
231.056
230.126
228.513
226.315
224.439
222.924
222.717
223.018
223.499
224.406
225.378
226.265
226.943
227.559
228.134
228.009
227.942
228.270
227.721
227.247
227.456
227.504
227.105
224.733
223.047
224.455
223.689
223.693
224.456
230.131
241.939
247.773
252.128
254.746
256.589
258.147
256.362
254.861
252.859
250.073
248.499
247.114
246.032
247.212
249.896
251.736
253.987
255.701
256.733
257.424
258.102
257.559
256.421
255.100
254.080
253.251
252.708
252.944
252.664
251.819
251.549
251.234
251.320
250.904
250.444
249.802
249.552
249.894
250.430
251.084
251.460
250.228
249.561
251.910
253.236
253.593
253.711
253.544
253.241
253.116
253.109
253.557
254.315
254.311
253.717
251.777
247.048
236.947
224.973
246.679
255.884
258.735
261.158
262.401
263.035
263.202
263.628
264.202
264.232
264.133
263.901
263.611
263.105
262.092
260.931
258.615
256.426
259.106
265.127
274.738
289.976
295.785
300.189
301.709
300.360
297.731
294.224
290.388
287.936
286.847
287.800
287.552
287.914
287.769
289.089
290.942
292.668
294.672
296.712
297.740
298.005
297.385
295.913
294.007
291.738
290.956
290.548
290.430
287.480
268.950
265.632
273.889
0.000
0.000
0.000
0.000
0.000
0.000
0.000
335.601
343.408
349.241
356.380
360.029
360.129
357.540
352.178
346.287
340.930
337.549
336.108
337.308
340.445
343.879
345.112
345.014
344.535
343.601
342.681
343.075
343.783
344.461
346.247
348.888
352.388
354.674
355.021
355.875
356.355
353.920
350.714
348.108
346.183
346.176
347.482
348.739
349.847
349.746
348.462
347.765
348.665
351.541
355.934
358.495
358.792
357.658
354.765
351.141
347.304
343.965
338.214
327.739
306.364
294.259
296.826
344.119
347.709
349.988
0.000
0.000
0.000
0.000
0.000
0.000
0.000
0.000
0.000
0.000
0.000
0.000
0.000
0.000
0.000
0.000
0.000
0.000
0.000
0.000
0.000
0.000
0.000
0.000
0.000
0.000
0.000
0.000
0.000
0.000
0.000
0.000
0.000
0.000
0.000
0.000
0.000
0.000
421.847
413.898
409.346
372.360
342.067
324.925
319.209
319.920
321.842
348.021
354.177
360.475
366.858
377.605
387.644
392.082
393.404
394.645
396.900
398.111
398.638
399.591
400.833
400.670
398.680
394.503
388.011
379.249
364.744
356.110
347.194
382.595
383.513
366.389
363.723
361.468
358.276
355.746
352.183
349.804
348.461
348.556
349.206
349.710
350.253
351.008
350.581
350.446
350.064
349.468
348.475
347.478
346.610
345.922
341.634
333.779
321.561
319.880
346.687
351.695
353.429
343.373
345.676
0.000
270.939
268.274
0.000
0.000
0.000
117.206
120.328
121.656
124.937
125.531
129.862
134.219
284.757
291.003
295.409
297.956
296.783
294.918
292.877
286.982
270.502
271.830
0.000
0.000
0.000
0.000
0.000
0.000
0.000
0.000
0.000
0.000
0.000
287.611
284.159
281.871
278.975
272.701
268.468
265.486
263.322
262.160
260.309
259.096
257.400
258.690
260.447
261.704
263.209
263.704
263.596
263.619
263.275
262.487
261.585
261.031
261.133
260.286
259.170
257.867
256.971
256.684
256.726
257.138
256.905
256.724
257.079
257.705
257.991
258.373
258.948
260.147
261.013
261.327
261.460
260.963
259.399
257.786
256.723
256.572
257.425
258.851
259.793
259.897
259.621
259.482
258.866
257.604
256.074
254.491
252.959
252.299
251.799
252.525
254.170
256.215
258.794
261.266
263.144
263.932
263.711
262.724
261.552
260.647
259.694
259.812
260.031
260.157
259.709
259.063
258.479
257.165
256.235
257.207
258.383
259.898
263.245
267.410
271.070
273.183
270.122
263.093
261.988
0.000
0.000
0.000
0.000
298.417
300.229
299.602
296.180
286.928
0.000
0.000
0.000
0.000
0.000
0.000
0.000
0.000
0.000
0.000
287.646
288.939
286.173
280.816
271.414
259.777
0.000
0.000
0.000
0.000
0.000
0.000
0.000
0.000
0.000
0.000
0.000
0.000
0.000
316.289
320.442
311.568
303.619
296.134
284.498
273.912
268.305
267.519
263.546
264.838
262.552
260.836
259.984
260.463
260.315
260.152
259.991
260.036
260.105
261.763
262.116
261.517
261.306
261.131
259.019
260.246
260.461
260.577
260.262
261.114
260.831
261.140
261.705
261.707
261.324
261.095
261.007
260.551
260.425
260.469
260.987
261.336
261.679
262.343
262.662
262.561
262.570
261.833
260.846
259.450
258.920
258.833
259.107
259.763
260.351
260.995
261.910
262.227
261.636
261.294
260.689
260.191
260.095
259.498
259.050
258.599
258.364
258.341
258.164
257.856
257.521
256.548
255.972
255.791
255.947
256.836
257.658
258.325
259.488
260.838
261.962
263.076
263.715
264.088
264.212
264.093
262.327
258.687
252.377
245.229
237.917
226.463
208.329
195.127
190.844
180.173
179.030
183.102
187.073
198.429
207.602
219.064
231.297
234.610
237.261
234.888
237.257
234.320
233.869
230.757
227.884
228.912
226.076
225.914
221.180
211.570
197.042
193.063
189.896
187.388
0.000
203.365
210.521
0.000
212.768
211.325
210.864
230.278
231.645
235.083
239.672
243.280
245.785
248.374
249.702
250.819
251.663
250.102
248.140
246.733
242.457
238.289
238.180
240.370
243.297
247.127
250.608
253.329
256.557
258.178
259.296
260.370
261.349
260.693
258.125
256.496
255.323
255.468
256.769
258.170
259.533
260.576
261.461
260.979
260.026
259.168
258.929
260.531
262.297
263.687
264.174
263.797
262.573
260.238
258.266
255.808
255.250
255.776
256.647
257.644
258.185
257.628
255.215
251.531
246.664
239.998
229.681
215.211
204.939
195.974
196.671
204.929
215.959
220.698
223.580
227.509
229.375
228.285
227.805
224.903
217.421
215.204
215.316
216.092
216.513
220.834
224.743
226.920
230.802
229.564
227.260
228.197
228.152
224.957
219.076
213.790
212.437
213.246
217.017
228.222
236.632
238.708
239.561
237.961
232.222
225.898
0.000
0.000
0.000
0.000
0.000
0.000
0.000
0.000
0.000
0.000
0.000
0.000
0.000
0.000
0.000
0.000
0.000
0.000
0.000
0.000
