每10ms一个pitch值（Hz）
0.000
0.000
0.000
0.000
0.000
0.000
0.000
0.000
0.000
0.000
0.000
342.172
349.175
354.575
359.313
360.325
357.364
352.843
348.738
348.487
354.291
365.746
374.730
383.282
390.725
397.137
399.693
402.239
401.617
401.854
400.620
399.279
395.064
390.226
383.515
370.538
358.905
357.513
0.000
0.000
0.000
0.000
0.000
384.512
385.515
368.892
358.959
352.919
351.742
350.823
349.647
348.242
347.533
346.527
345.987
345.677
345.810
346.010
346.384
346.320
342.906
333.066
322.582
329.114
0.000
0.000
0.000
0.000
0.000
0.000
0.000
0.000
0.000
0.000
0.000
0.000
0.000
277.052
269.514
268.467
268.196
267.995
268.140
268.020
268.555
269.385
271.509
275.399
280.947
287.714
295.321
298.066
296.981
296.719
295.883
291.856
282.749
272.535
263.727
248.710
236.787
0.000
0.000
0.000
0.000
0.000
0.000
0.000
241.439
244.741
249.937
254.204
258.819
262.431
264.680
265.815
265.341
264.148
263.183
263.050
261.411
259.228
257.176
255.031
254.101
254.113
254.335
254.884
256.099
257.337
257.025
256.714
257.187
257.504
258.486
259.924
260.612
261.091
261.369
260.691
259.584
258.341
257.144
256.443
256.471
257.740
259.326
260.058
260.517
260.637
259.962
258.810
257.611
256.715
255.799
254.763
254.371
254.284
254.719
255.340
256.284
257.018
257.440
257.015
255.848
254.326
253.436
253.285
253.829
254.939
256.263
257.959
259.570
261.031
262.405
262.372
262.154
262.269
262.010
261.570
261.445
261.672
261.390
260.806
259.992
258.295
256.548
254.047
252.526
254.041
254.809
255.140
255.071
254.621
253.558
252.415
250.515
247.265
243.693
245.671
249.066
253.848
258.461
262.308
264.745
266.148
266.607
265.853
264.853
264.722
264.808
264.561
264.517
265.458
269.342
277.626
286.128
291.401
297.766
298.824
297.558
295.483
283.665
267.643
253.855
236.056
213.080
0.000
0.000
0.000
0.000
0.000
0.000
0.000
0.000
0.000
0.000
0.000
0.000
0.000
0.000
238.964
240.881
239.566
238.760
236.992
235.453
233.076
231.823
230.263
229.066
229.613
229.042
228.453
228.919
229.187
230.459
232.189
233.248
234.180
234.173
234.774
234.789
234.743
234.085
233.260
233.280
232.577
231.688
231.734
232.044
232.226
232.140
231.467
230.576
229.431
227.308
225.318
223.515
222.670
222.870
223.224
223.939
224.914
225.890
226.609
227.284
227.903
228.145
227.896
228.157
228.079
227.369
227.315
227.546
227.343
226.432
222.314
224.306
224.045
223.537
224.085
225.611
237.354
245.319
250.143
253.826
255.588
257.796
257.337
255.553
253.946
251.336
249.134
247.791
246.414
246.188
248.849
250.830
252.875
255.048
256.289
257.092
257.860
257.980
256.957
255.737
254.524
253.609
252.894
252.795
252.924
252.164
251.668
251.346
251.265
251.191
250.637
250.131
249.567
249.703
250.156
250.775
251.381
251.103
249.259
250.877
252.698
253.550
253.654
253.647
253.415
253.094
253.135
253.221
254.038
254.379
254.134
252.865
249.897
242.423
229.123
235.985
253.195
257.559
260.077
261.961
262.798
263.139
263.373
263.976
264.265
264.193
264.014
263.760
263.399
262.617
261.492
260.036
256.919
257.272
261.920
269.519
283.143
293.610
298.248
301.422
301.246
299.160
295.909
292.256
288.790
287.161
287.246
287.843
287.596
287.935
288.156
290.175
291.805
293.680
295.805
297.398
297.937
297.836
296.672
294.991
292.729
291.161
290.732
290.492
289.832
278.426
265.596
266.955
0.000
0.000
0.000
0.000
0.000
0.000
0.000
0.000
341.049
346.006
353.491
358.617
360.551
359.066
354.975
349.012
343.366
338.825
336.562
336.372
338.819
342.391
344.834
345.134
344.786
344.147
342.955
342.777
343.478
344.066
345.261
347.559
350.629
353.990
354.864
355.399
356.340
355.432
352.149
349.264
346.966
345.887
346.851
348.128
349.414
349.988
349.112
347.930
348.008
349.887
353.848
357.673
358.813
358.442
356.268
352.866
349.114
345.607
341.318
333.779
318.040
296.785
294.904
340.308
344.754
350.347
350.052
325.400
316.403
0.000
0.000
0.000
0.000
0.000
0.000
0.000
0.000
0.000
0.000
0.000
0.000
0.000
0.000
0.000
0.000
0.000
0.000
0.000
0.000
0.000
0.000
0.000
0.000
0.000
0.000
0.000
0.000
0.000
0.000
0.000
0.000
