每10ms一个pitch值（Hz）
193.941
190.155
0.000
0.000
0.000
0.000
0.000
0.000
0.000
0.000
0.000
0.000
0.000
425.018
418.556
415.896
391.921
375.833
368.671
365.493
363.520
362.119
0.000
89.264
90.099
91.342
92.827
93.657
76.891
77.312
77.882
78.523
75.842
76.095
76.537
76.621
76.629
76.448
90.955
89.563
0.000
0.000
0.000
0.000
0.000
0.000
0.000
110.037
111.606
88.594
87.944
88.185
88.178
144.013
143.788
143.288
142.810
142.606
142.366
87.198
86.447
85.970
85.961
85.675
0.000
0.000
0.000
0.000
0.000
0.000
0.000
0.000
0.000
0.000
0.000
0.000
0.000
0.000
0.000
0.000
124.806
124.604
125.634
125.831
125.524
125.164
125.335
125.852
126.287
127.861
128.572
129.156
93.759
95.002
96.013
96.742
97.160
97.610
97.842
97.658
97.787
96.057
95.810
94.591
92.528
90.079
86.284
124.175
126.377
124.148
123.166
89.478
90.465
89.530
89.222
88.912
87.584
87.289
86.849
86.455
86.079
86.365
86.315
86.438
86.685
86.875
86.761
86.669
86.717
86.788
86.768
86.944
86.652
86.663
86.643
86.664
86.696
86.672
86.621
86.520
86.510
86.495
86.456
86.422
86.353
86.382
86.462
86.670
86.979
87.051
86.902
86.679
86.434
86.282
86.294
86.319
86.300
86.334
86.320
86.295
86.290
86.334
86.488
86.582
86.575
86.531
86.457
86.356
86.413
86.415
86.421
86.423
86.407
86.458
86.535
86.618
86.744
86.766
87.005
87.029
87.327
87.343
87.281
87.122
86.919
86.784
86.790
86.987
87.059
87.102
87.035
87.159
87.401
87.454
87.140
87.010
87.013
86.892
86.694
86.593
86.495
86.351
86.214
86.023
85.862
86.927
88.735
89.090
88.996
88.934
88.912
89.022
89.264
89.629
90.433
91.345
92.267
93.381
94.518
95.297
96.191
97.236
97.650
97.597
97.292
96.658
95.917
285.394
283.573
283.876
286.600
290.167
291.267
290.519
292.638
297.512
295.663
292.303
287.202
273.196
254.438
247.537
241.434
238.081
235.256
0.000
76.303
75.661
75.319
75.186
75.131
75.489
75.624
75.751
75.852
75.939
76.224
76.164
76.332
76.341
76.722
77.215
77.864
78.327
78.104
77.698
77.310
77.348
77.128
77.060
76.794
76.650
76.659
76.741
76.908
77.031
76.906
76.696
76.485
76.267
76.269
76.398
76.559
76.574
76.556
76.552
76.487
76.337
76.367
76.427
76.340
76.176
75.783
75.568
75.540
0.000
233.651
236.885
230.795
230.496
233.415
79.285
82.359
84.867
86.165
86.648
86.776
86.198
85.497
84.983
84.111
83.570
83.369
83.370
83.756
84.257
84.923
85.523
86.055
86.639
86.895
87.057
87.108
86.733
85.949
85.255
84.950
84.789
84.525
84.388
84.394
84.605
84.927
85.244
85.515
85.722
85.861
86.008
86.098
86.156
86.332
86.560
86.734
86.730
86.720
86.724
86.656
86.501
86.478
86.415
86.388
86.412
86.380
86.396
86.411
86.472
86.511
86.501
86.480
86.472
86.388
86.296
86.493
87.346
88.433
88.798
88.631
88.405
88.110
87.722
87.413
87.389
87.696
88.437
89.339
90.550
91.957
93.642
95.214
96.558
98.243
99.898
100.525
100.481
100.082
99.352
98.479
97.585
96.759
96.125
95.681
95.596
96.172
96.533
96.827
97.259
97.762
98.219
98.734
99.000
99.044
99.001
98.805
98.571
98.469
98.268
97.928
97.676
97.819
98.147
98.431
98.739
98.937
98.906
98.726
98.786
98.971
99.276
99.516
99.596
99.781
99.917
99.162
126.035
131.373
135.707
142.391
145.104
150.933
152.557
115.109
115.658
116.569
117.570
118.097
118.159
117.801
117.266
116.715
116.249
115.873
115.616
115.334
115.270
115.330
115.504
115.555
115.741
115.981
116.147
116.366
116.692
117.018
117.345
117.475
117.231
117.006
351.021
350.730
350.335
349.712
348.776
347.600
346.173
349.594
351.346
347.949
344.345
0.000
0.000
131.978
130.104
129.683
116.156
0.000
0.000
0.000
0.000
0.000
0.000
0.000
0.000
0.000
0.000
0.000
0.000
0.000
0.000
0.000
0.000
0.000
0.000
0.000
0.000
0.000
0.000
0.000
0.000
0.000
0.000
0.000
0.000
0.000
0.000
0.000
0.000
0.000
0.000
0.000
0.000
0.000
0.000
0.000
0.000
0.000
0.000
0.000
0.000
0.000
0.000
0.000
406.430
400.520
395.343
399.502
387.277
374.263
374.129
375.164
374.128
374.713
0.000
75.084
75.347
76.080
76.763
76.898
77.021
76.937
76.972
77.158
76.592
76.549
77.087
77.921
94.254
93.657
92.458
90.111
87.775
86.958
86.275
87.796
90.252
89.922
89.082
88.071
87.838
87.573
87.499
87.445
87.226
87.226
87.220
87.202
86.963
86.632
0.000
436.845
418.064
414.667
397.452
383.743
363.992
0.000
0.000
0.000
0.000
0.000
0.000
0.000
0.000
316.205
308.285
298.290
287.280
281.137
91.421
90.414
89.945
89.811
89.878
90.382
91.452
92.452
94.000
95.439
96.293
97.420
98.152
98.950
98.899
98.294
97.629
96.903
96.353
96.125
96.356
96.745
96.278
94.535
0.000
0.000
0.000
0.000
0.000
0.000
139.695
140.123
140.014
139.803
139.246
138.259
90.423
89.853
89.226
88.596
88.380
88.260
87.966
87.787
87.801
87.603
87.394
87.545
87.843
87.910
87.972
87.994
88.130
88.384
88.575
88.581
88.455
87.955
87.270
86.906
86.852
86.905
86.917
86.875
86.811
86.762
86.732
86.748
86.825
86.908
86.939
86.901
86.741
86.557
86.537
86.617
86.701
86.778
86.890
86.869
86.701
86.561
86.544
86.501
86.537
86.638
86.691
86.744
86.905
86.995
87.054
86.985
86.863
86.870
86.939
87.042
87.189
87.390
87.535
87.536
87.385
87.026
86.645
86.345
86.210
86.235
86.264
86.301
86.332
86.378
86.541
86.895
87.278
87.741
88.185
88.154
86.894
85.970
115.724
114.381
113.525
112.115
112.037
0.000
286.988
290.757
293.266
297.650
298.047
292.710
0.000
91.085
90.099
89.657
89.859
90.333
91.044
91.879
92.713
93.635
94.353
95.502
96.954
147.161
294.803
293.131
288.613
282.172
283.698
0.000
0.000
0.000
0.000
0.000
0.000
0.000
0.000
0.000
0.000
0.000
0.000
88.366
88.203
87.518
87.985
88.096
87.931
87.557
87.252
86.766
86.365
86.147
86.109
86.082
86.016
85.932
85.909
85.870
85.775
85.603
85.445
85.419
85.487
85.668
85.923
86.126
86.205
86.161
86.109
86.127
86.167
86.236
86.389
86.701
87.042
87.384
87.728
87.892
87.630
87.333
87.160
87.131
87.140
87.048
86.911
86.817
86.800
86.825
86.872
86.935
86.997
87.069
87.157
87.224
87.296
87.308
87.224
87.169
87.228
87.307
87.355
87.313
87.180
86.994
86.842
86.788
86.825
86.889
86.958
87.011
87.007
87.074
87.205
87.262
87.332
87.441
87.466
87.513
87.653
87.805
87.867
87.728
87.326
86.865
86.296
85.737
85.352
121.647
120.259
120.540
119.846
119.050
118.135
114.396
78.910
78.264
77.851
76.002
0.000
254.473
252.914
251.776
251.711
252.123
260.200
260.614
255.918
256.578
261.431
261.057
260.635
259.810
259.710
258.785
258.890
258.830
250.240
250.519
249.576
242.275
243.226
261.243
0.000
111.126
114.670
116.855
117.177
116.610
115.866
114.855
114.675
114.905
115.490
116.452
117.394
118.560
120.304
121.494
84.221
85.335
86.611
86.805
86.992
87.013
86.820
86.749
86.577
86.055
85.519
85.323
85.106
85.060
85.366
85.963
86.851
87.854
88.749
89.436
89.690
89.329
88.667
87.914
87.134
86.582
86.319
86.131
85.949
85.902
85.933
85.995
86.124
86.434
86.876
87.221
87.368
87.316
87.228
87.157
86.972
86.714
260.507
259.364
258.040
256.027
252.531
249.626
244.643
240.286
235.393
230.555
228.565
227.855
227.911
227.355
227.844
229.102
75.647
75.841
76.107
75.931
75.493
75.439
75.113
74.996
75.239
75.512
75.639
75.948
76.342
76.375
76.426
76.351
76.398
76.465
230.266
229.674
229.199
228.847
228.931
229.123
229.448
229.931
230.851
232.026
232.881
233.617
234.010
234.726
233.549
232.203
228.376
224.226
226.157
232.004
234.340
235.126
237.705
0.000
0.000
0.000
0.000
0.000
0.000
0.000
0.000
0.000
0.000
0.000
0.000
0.000
0.000
0.000
0.000
0.000
0.000
0.000
0.000
0.000
0.000
0.000
0.000
0.000
0.000
0.000
0.000
0.000
0.000
0.000
0.000
0.000
0.000
0.000
0.000
573.901
586.719
571.200
585.926
415.182
404.137
392.638
368.118
383.144
419.405
373.554
370.203
357.705
357.135
359.052
361.500
367.040
371.998
376.421
0.000
75.828
76.539
77.080
77.317
77.528
77.714
77.901
77.871
77.615
77.374
77.137
77.020
76.990
77.027
76.816
76.792
95.243
94.017
84.555
86.982
86.608
86.871
88.337
87.637
86.922
86.766
86.666
86.555
86.536
86.465
86.405
86.363
86.335
86.430
86.895
87.480
88.247
88.835
88.653
87.399
143.118
143.475
144.064
143.953
144.633
144.402
144.084
144.673
0.000
0.000
0.000
0.000
0.000
0.000
279.844
277.503
0.000
86.516
86.012
86.015
86.569
87.659
88.725
89.842
90.960
91.925
92.543
93.329
94.415
95.071
95.041
95.406
95.435
95.397
94.681
93.959
92.475
89.523
125.102
122.198
0.000
0.000
0.000
0.000
0.000
0.000
0.000
0.000
88.899
89.872
90.574
91.078
90.917
90.607
90.005
89.613
89.208
88.801
88.484
87.984
87.500
87.175
87.050
86.990
87.052
87.237
87.493
87.576
87.502
87.384
87.225
87.034
86.902
86.798
86.696
86.623
86.555
86.525
86.471
86.440
86.443
86.500
86.579
86.646
86.669
86.709
86.699
86.675
86.730
86.874
86.974
86.950
86.784
86.576
86.457
86.503
86.526
86.496
86.491
86.467
86.464
86.546
86.726
86.873
86.852
86.699
86.630
86.621
86.544
86.493
86.475
86.514
86.694
86.950
87.072
86.988
86.933
86.916
86.906
86.865
86.819
86.832
86.954
87.197
87.299
87.307
87.338
87.504
87.743
88.135
88.504
88.344
86.948
125.728
122.390
121.871
117.386
117.705
118.912
119.068
120.141
0.000
263.497
269.793
268.652
265.559
261.747
263.136
262.670
265.154
269.132
272.687
275.846
279.682
282.109
283.920
285.773
286.991
287.525
287.794
288.183
289.060
289.833
288.933
286.892
284.781
282.598
280.111
271.956
265.535
262.933
260.700
253.492
256.378
254.708
246.307
249.148
244.555
246.454
244.221
244.451
241.597
243.347
241.680
244.158
241.047
242.898
239.932
242.162
240.414
242.027
240.286
240.171
241.231
239.426
242.960
241.408
246.221
243.285
247.253
244.701
244.868
245.462
242.105
245.441
243.087
244.850
244.471
243.999
247.428
244.169
249.972
248.040
249.614
249.937
249.535
249.536
249.323
250.319
242.695
244.210
243.487
243.572
243.874
244.006
245.056
245.341
245.495
245.218
243.141
241.882
241.912
232.466
233.599
233.282
109.532
110.752
115.609
118.884
120.646
122.533
124.244
86.796
87.478
87.634
87.468
86.987
86.484
86.082
85.909
85.688
85.590
85.554
85.609
85.660
85.698
85.830
85.980
86.255
86.279
86.288
86.532
86.609
86.569
86.317
86.245
86.117
86.013
86.069
86.092
86.085
85.997
85.918
85.847
85.730
85.622
85.566
85.562
85.670
85.785
258.617
260.279
261.786
262.430
261.540
258.226
256.252
245.582
246.241
235.377
0.000
0.000
0.000
0.000
0.000
0.000
0.000
0.000
0.000
0.000
0.000
89.750
88.899
89.294
88.128
87.603
87.284
87.302
87.480
88.026
126.101
128.351
130.102
131.494
94.020
94.541
95.323
96.239
96.607
96.759
96.821
96.650
96.459
96.356
96.327
96.239
96.050
95.889
95.655
95.438
95.360
95.507
95.931
96.563
96.893
97.123
97.495
97.857
98.070
98.277
98.322
98.098
97.977
98.079
98.173
98.252
98.178
98.003
97.923
97.996
98.165
98.316
98.305
97.326
95.456
93.543
90.588
84.791
0.000
160.450
164.156
164.589
164.893
112.564
113.128
113.191
113.437
113.607
113.258
113.305
113.208
112.965
113.025
112.933
112.962
113.215
113.361
113.697
114.212
114.608
114.987
115.150
115.237
115.181
115.136
115.059
115.177
115.285
115.139
344.575
343.951
342.716
341.992
342.730
346.994
365.868
405.793
404.079
381.576
355.746
353.919
0.000
0.000
0.000
0.000
0.000
0.000
0.000
0.000
0.000
0.000
0.000
0.000
0.000
0.000
0.000
0.000
0.000
0.000
0.000
0.000
0.000
0.000
0.000
0.000
0.000
0.000
0.000
0.000
0.000
0.000
0.000
0.000
0.000
571.299
573.480
573.425
574.582
574.999
0.000
0.000
0.000
0.000
0.000
0.000
0.000
0.000
0.000
0.000
0.000
0.000
0.000
0.000
0.000
0.000
0.000
0.000
424.360
400.325
375.534
374.324
376.341
376.448
372.197
0.000
88.867
89.195
89.745
90.630
91.778
75.173
76.449
77.101
77.477
77.888
78.143
78.185
78.635
78.700
78.329
78.021
77.638
94.371
93.828
92.952
91.710
116.366
114.587
114.496
116.457
118.460
118.642
117.851
116.937
116.189
114.968
116.350
88.498
88.254
88.312
88.472
88.771
89.094
88.871
88.950
0.000
445.652
445.412
444.532
440.000
440.980
434.610
429.885
407.751
376.334
351.351
323.092
292.526
274.457
136.530
136.837
136.807
93.017
92.355
91.539
90.901
90.750
90.942
91.383
92.064
93.729
94.786
95.354
95.895
96.503
97.009
97.555
98.127
98.338
98.186
98.117
97.731
97.573
97.582
97.323
97.120
96.659
95.568
92.828
90.709
90.386
89.875
89.046
88.954
88.320
88.252
87.718
87.388
87.567
87.281
86.733
86.538
86.671
86.745
86.694
86.967
87.200
87.367
87.524
87.586
87.510
87.343
87.170
87.061
86.898
86.563
86.215
85.957
85.933
86.039
86.106
86.294
86.649
86.809
87.039
87.423
87.706
87.858
87.920
87.562
87.246
86.971
86.751
86.686
86.569
86.348
86.152
86.002
85.887
85.765
85.728
85.856
86.107
86.572
87.130
87.535
87.766
87.761
87.646
87.509
87.391
87.238
87.071
86.949
86.934
87.065
87.213
87.261
87.163
87.082
87.065
87.048
86.944
86.840
86.765
86.714
86.708
86.652
86.556
86.589
86.724
86.918
87.164
87.267
87.370
87.339
86.840
85.921
85.477
85.403
85.509
85.438
85.236
85.087
85.636
87.011
0.000
319.976
309.983
310.838
308.172
308.909
308.630
305.000
304.883
300.823
299.298
293.826
292.702
292.225
289.772
289.276
289.246
288.066
287.977
289.600
289.028
287.771
283.187
276.250
266.357
266.299
0.000
0.000
0.000
0.000
0.000
0.000
0.000
213.519
210.013
101.922
99.321
98.218
97.642
97.193
96.956
96.871
96.791
96.883
97.144
97.706
98.269
98.758
98.743
98.660
98.612
98.391
98.096
97.762
97.553
97.611
97.745
97.745
97.725
97.726
97.575
97.351
96.931
96.656
96.651
96.648
96.716
96.800
96.878
97.055
97.153
97.184
97.200
97.139
97.147
97.269
97.331
97.200
97.030
97.025
97.004
97.159
97.431
97.595
97.659
97.477
97.171
96.860
96.545
96.410
96.365
96.436
96.814
96.992
96.957
96.781
96.602
96.484
96.510
96.469
96.497
96.579
96.658
96.841
96.756
96.397
96.102
95.966
96.106
95.984
96.093
96.088
96.173
96.078
95.996
96.091
95.943
96.039
96.165
96.143
96.141
95.836
95.655
95.507
95.458
95.296
95.388
95.701
95.914
96.036
96.078
96.264
96.240
96.209
96.097
96.068
96.156
96.333
96.652
96.924
97.055
97.046
96.969
96.862
96.760
96.740
96.864
97.043
97.104
97.136
97.105
96.902
96.919
96.857
96.811
96.844
96.881
97.116
97.329
97.593
97.884
98.221
98.698
99.190
99.355
99.184
98.747
98.423
98.256
98.126
98.168
98.220
98.501
98.976
99.467
99.956
99.966
99.898
99.873
99.672
99.177
98.668
98.261
97.831
97.539
97.653
98.128
98.608
99.086
99.254
99.008
98.618
98.054
97.718
97.542
97.355
97.417
98.190
99.227
99.900
100.366
100.287
99.999
99.823
99.479
98.963
98.773
98.715
98.454
98.791
99.190
99.236
99.166
98.568
97.827
96.619
94.658
93.415
92.935
92.462
92.805
94.025
95.975
98.063
0.000
0.000
0.000
0.000
197.702
196.685
195.262
194.183
0.000
0.000
0.000
0.000
0.000
0.000
0.000
0.000
0.000
0.000
0.000
0.000
0.000
0.000
0.000
0.000
0.000
0.000
0.000
0.000
0.000
0.000
0.000
0.000
0.000
0.000
0.000
0.000
0.000
0.000
0.000
0.000
0.000
0.000
0.000
0.000
0.000
0.000
0.000
0.000
0.000
0.000
0.000
0.000
0.000
0.000
0.000
0.000
0.000
0.000
0.000
0.000
0.000
0.000
0.000
0.000
0.000
0.000
0.000
0.000
0.000
0.000
0.000
0.000
0.000
0.000
0.000
0.000
0.000
0.000
0.000
0.000
0.000
0.000
0.000
0.000
0.000
0.000
0.000
0.000
0.000
0.000
0.000
0.000
0.000
86.727
87.079
86.369
85.841
85.493
85.307
85.496
139.586
140.959
142.488
144.236
146.174
148.238
150.442
76.081
76.606
76.966
77.201
77.053
77.155
77.170
77.001
76.888
76.989
77.290
77.370
77.451
77.176
76.893
76.753
76.571
92.898
92.575
91.975
91.051
90.148
89.342
115.585
115.154
114.498
114.612
114.669
114.712
115.085
115.042
89.279
89.292
89.191
0.000
443.193
439.754
440.596
440.776
439.871
437.401
432.932
430.965
420.374
408.092
0.000
0.000
102.462
101.529
100.812
97.540
93.845
92.355
91.151
90.246
89.587
89.803
90.021
90.506
90.388
90.690
91.250
92.069
93.276
94.362
94.836
95.317
96.201
96.859
97.255
97.934
98.202
97.902
97.612
97.240
96.691
96.374
96.809
97.515
97.759
97.222
94.203
93.801
93.474
93.185
90.294
88.477
86.896
85.948
85.631
85.419
85.298
85.356
85.522
85.825
85.867
85.907
85.997
86.151
86.337
86.378
86.286
86.899
86.770
86.732
86.743
86.870
87.023
86.964
86.705
86.455
86.428
86.299
86.288
86.376
86.471
86.514
86.592
86.667
86.717
86.708
86.651
86.524
86.389
86.340
86.262
86.316
86.468
86.596
86.779
86.974
87.208
87.271
87.203
87.097
87.061
87.061
87.059
87.060
87.073
86.995
86.927
86.839
86.784
86.887
86.986
87.073
87.100
86.955
86.763
86.583
86.565
86.600
86.646
86.589
86.540
86.510
86.412
86.301
86.193
86.110
86.189
86.263
86.289
86.311
86.328
86.331
86.304
86.090
85.932
85.911
85.390
84.682
84.773
86.553
87.291
87.783
87.633
87.326
87.170
87.197
87.420
87.899
88.419
88.930
89.582
90.252
91.138
92.248
93.389
94.452
95.358
96.067
145.912
146.134
147.078
148.054
297.666
299.794
300.902
300.664
298.241
293.463
287.668
276.917
263.404
254.545
248.821
248.198
248.432
246.774
243.883
242.340
241.556
241.830
239.740
242.128
239.125
240.688
239.937
239.864
239.074
237.735
238.223
236.835
238.933
237.530
238.802
238.143
238.743
237.445
235.900
234.840
76.778
76.849
76.893
76.682
76.747
76.815
77.135
77.408
77.473
77.597
77.772
77.782
77.721
77.746
77.630
77.775
78.009
78.016
78.123
77.971
77.347
77.037
76.928
76.907
77.269
77.310
77.037
77.069
76.951
76.623
76.749
76.774
76.822
76.748
76.874
77.214
77.380
77.866
78.747
80.438
82.011
125.161
127.586
128.551
129.976
129.558
129.431
127.622
126.715
124.457
122.773
122.219
121.766
122.234
123.477
124.715
86.438
87.450
87.853
87.992
87.902
87.433
87.071
86.706
86.485
86.134
85.778
85.757
85.725
85.575
85.451
85.267
84.969
84.846
84.873
85.028
85.129
85.272
85.469
85.663
85.810
85.961
85.988
85.903
85.731
85.582
85.576
85.710
85.744
85.730
85.777
85.945
86.190
86.421
86.294
86.121
86.423
85.985
83.592
114.109
113.126
115.211
84.552
85.976
88.328
89.487
89.751
89.531
89.317
89.106
89.240
89.557
89.977
90.570
91.266
91.858
92.338
93.670
94.786
95.918
96.461
96.279
96.331
96.506
96.786
97.179
97.258
97.360
97.667
97.526
97.189
96.776
96.428
96.246
96.377
96.745
97.127
97.441
97.811
97.937
98.087
98.129
98.071
98.014
97.943
97.773
97.422
97.070
96.860
96.878
96.899
97.013
97.070
97.122
97.075
97.007
96.828
96.731
96.741
96.982
97.251
97.569
98.012
98.302
98.608
99.099
99.993
102.076
104.993
110.079
111.632
112.637
113.522
114.288
115.020
115.402
115.452
114.997
114.682
114.536
114.123
113.724
113.344
113.150
113.319
113.624
114.009
114.667
115.378
115.905
116.341
116.670
116.710
116.510
115.376
113.861
112.388
110.826
110.984
112.907
113.799
113.675
0.000
0.000
0.000
0.000
0.000
0.000
0.000
0.000
0.000
0.000
0.000
0.000
0.000
0.000
0.000
0.000
0.000
0.000
0.000
0.000
0.000
0.000
0.000
552.130
537.606
535.849
535.431
527.497
514.949
514.391
522.139
519.498
533.044
547.811
512.523
501.330
501.943
519.512
515.773
466.762
428.660
407.672
383.330
370.844
0.000
0.000
0.000
0.000
0.000
0.000
0.000
0.000
0.000
0.000
0.000
369.054
363.526
360.556
365.914
377.131
378.322
374.404
358.298
350.459
343.000
346.770
353.853
360.343
366.566
368.954
372.094
375.375
379.257
385.444
389.816
392.171
393.508
0.000
77.556
77.475
77.536
77.391
77.428
77.488
77.366
77.060
76.643
76.321
75.938
0.000
0.000
85.786
87.113
87.333
87.126
87.248
112.967
112.871
112.834
111.967
110.007
107.414
0.000
0.000
0.000
0.000
0.000
0.000
0.000
0.000
0.000
0.000
0.000
0.000
0.000
0.000
0.000
0.000
0.000
0.000
0.000
0.000
0.000
288.764
282.007
276.820
0.000
86.732
86.449
86.814
87.509
88.596
89.580
90.899
92.075
93.733
95.175
96.068
96.710
97.325
97.355
97.157
97.011
96.681
96.308
144.167
141.727
137.925
125.595
124.241
0.000
0.000
0.000
0.000
345.209
360.237
360.415
356.533
0.000
88.339
88.201
88.269
88.145
87.956
87.451
86.685
86.557
86.815
87.035
87.171
87.178
87.081
86.963
86.812
86.603
86.424
86.206
86.080
86.020
86.052
86.169
86.240
86.407
86.828
87.313
87.567
87.691
87.868
88.161
88.619
89.034
89.285
89.236
88.909
88.295
87.584
86.881
86.363
86.189
86.014
85.894
86.001
86.285
86.456
86.550
86.856
87.280
87.476
87.572
87.470
87.247
87.049
86.928
86.705
86.428
86.226
86.074
86.033
86.081
86.140
86.272
86.501
86.784
86.922
86.945
86.988
87.036
86.965
86.774
86.730
86.714
86.848
86.986
87.015
87.043
87.087
87.127
86.975
86.641
86.272
85.795
85.243
84.687
84.127
84.322
85.507
87.514
88.758
88.704
88.549
87.928
87.197
86.697
86.408
86.312
86.434
86.774
87.373
88.442
89.813
91.190
92.432
93.298
94.174
94.775
95.324
95.926
96.323
96.613
96.868
96.739
96.475
96.470
96.675
96.773
97.186
97.477
97.637
295.756
296.181
295.910
298.630
0.000
89.146
87.857
88.083
88.288
88.703
88.519
88.103
87.587
87.190
86.981
86.650
86.440
86.489
86.609
86.729
86.644
86.649
86.673
86.530
86.430
86.201
85.980
85.839
85.796
85.873
86.157
86.419
86.607
86.605
86.651
86.773
86.842
86.851
86.899
86.915
86.886
86.893
86.909
86.883
86.868
86.861
86.821
86.776
86.709
86.651
86.622
86.597
86.606
86.702
86.814
86.879
86.969
86.925
86.855
86.820
86.852
86.912
86.915
86.930
86.976
86.994
86.999
86.991
86.974
86.983
87.003
86.989
86.933
86.947
86.981
86.990
86.985
86.960
87.038
87.296
87.477
87.533
87.509
87.408
87.324
87.335
87.362
87.418
263.823
264.139
254.499
250.640
243.280
0.000
0.000
0.000
0.000
0.000
0.000
276.298
277.198
275.429
278.692
0.000
114.892
114.928
114.756
114.959
115.292
115.571
116.431
116.786
117.305
117.663
117.683
117.875
117.373
117.053
116.678
116.669
117.055
117.266
117.314
97.689
97.259
96.812
113.388
112.906
116.423
118.003
117.810
117.120
116.624
116.686
115.202
115.723
116.550
116.433
115.934
115.933
116.646
117.712
119.167
120.647
122.133
123.784
84.014
85.125
85.937
86.657
87.351
87.681
87.738
87.524
87.118
86.491
86.071
85.787
85.674
85.777
85.877
86.057
86.375
86.786
87.002
87.050
86.992
86.693
86.460
86.318
86.137
85.982
85.867
85.663
85.344
85.091
84.882
84.874
85.061
85.227
85.326
85.492
85.808
86.010
86.015
85.950
85.891
85.830
85.684
85.364
84.992
84.658
84.204
83.676
82.943
81.571
80.231
78.723
77.327
76.623
76.495
76.395
76.319
76.545
76.442
76.515
76.830
77.107
77.335
77.429
77.316
77.219
77.122
77.009
76.955
76.861
76.676
76.574
76.547
76.706
231.027
231.646
233.253
234.667
235.313
235.709
235.337
234.278
233.835
232.971
231.332
230.299
228.758
223.288
215.404
213.801
0.000
0.000
0.000
0.000
0.000
0.000
0.000
0.000
0.000
0.000
0.000
0.000
0.000
0.000
0.000
0.000
0.000
0.000
0.000
0.000
0.000
0.000
0.000
0.000
0.000
0.000
0.000
0.000
0.000
0.000
0.000
0.000
0.000
0.000
0.000
0.000
0.000
0.000
0.000
0.000
0.000
0.000
0.000
0.000
0.000
0.000
0.000
0.000
0.000
0.000
0.000
0.000
0.000
0.000
378.728
380.392
395.823
397.706
391.041
409.638
409.640
0.000
89.470
90.039
90.890
91.792
93.108
94.042
94.241
95.124
95.606
95.218
95.412
95.333
95.263
78.296
77.706
77.081
76.773
76.525
76.166
75.902
75.445
75.032
91.377
90.666
90.030
89.377
88.431
87.657
87.371
87.490
87.653
87.383
87.208
87.095
86.879
86.671
86.663
86.702
87.871
88.664
87.416
0.000
347.966
334.714
325.549
0.000
0.000
443.418
437.925
0.000
0.000
0.000
0.000
0.000
0.000
97.213
96.150
94.630
92.732
90.245
88.226
86.304
85.819
0.000
255.261
255.753
258.202
263.296
267.574
270.985
274.227
276.776
279.693
282.002
284.137
284.878
284.217
283.475
281.946
277.840
271.852
0.000
0.000
0.000
0.000
0.000
0.000
0.000
0.000
89.781
89.750
90.404
91.103
90.696
90.020
89.221
88.525
87.653
86.801
86.314
86.381
85.869
85.790
85.703
85.809
85.994
86.210
86.363
86.425
86.556
86.601
86.528
86.426
86.079
85.986
86.104
86.295
86.645
87.067
87.257
87.209
86.725
86.128
85.996
86.208
86.538
86.763
86.920
87.052
87.018
86.989
86.920
86.737
86.629
86.528
86.345
86.266
86.272
86.257
86.233
86.158
85.962
85.766
85.477
85.444
85.519
85.645
85.780
85.664
85.550
85.609
85.795
85.989
85.996
86.058
86.236
86.377
86.489
86.568
86.440
86.363
86.348
86.404
86.472
86.563
86.711
86.817
86.882
87.015
87.218
87.324
87.330
87.220
86.992
86.504
85.971
85.588
85.273
121.104
120.938
121.400
88.340
88.001
87.824
87.665
87.620
87.867
88.460
89.346
90.304
91.184
92.531
93.758
94.788
96.026
96.753
96.913
96.752
96.712
96.345
96.002
96.037
96.098
96.295
96.198
95.939
95.913
95.722
95.594
95.286
94.984
285.637
282.894
278.438
270.448
262.909
257.186
262.782
0.000
79.550
79.073
78.970
79.232
116.334
116.930
117.618
118.096
118.168
118.519
118.268
118.031
117.797
117.674
117.603
117.136
116.894
116.768
116.781
116.660
116.559
116.655
116.796
116.974
117.122
117.046
117.034
116.798
116.674
116.597
116.529
116.559
116.520
116.720
116.739
116.778
116.694
77.152
76.964
76.095
76.188
76.148
76.659
76.556
76.470
76.568
76.851
76.923
77.157
77.585
77.710
116.684
117.108
117.889
117.366
117.029
118.973
121.875
125.089
127.703
87.547
87.670
87.206
86.386
85.897
85.391
85.138
85.145
84.932
84.993
85.165
85.588
86.277
86.910
87.487
88.158
88.867
89.387
89.335
88.911
88.512
88.022
87.253
86.451
85.984
85.710
85.475
85.697
86.135
86.602
87.142
87.664
87.891
87.885
87.721
87.564
87.538
87.561
87.576
87.571
87.609
87.575
87.301
86.899
86.434
86.089
85.932
86.035
86.217
86.278
86.125
86.026
86.217
86.820
87.204
85.224
115.140
114.919
115.212
115.686
118.234
88.591
89.836
90.482
90.119
89.243
88.238
87.622
87.355
87.315
87.467
88.191
88.518
90.140
91.364
93.089
94.714
95.536
95.722
96.024
96.230
96.528
96.625
96.559
96.294
95.847
95.125
94.209
93.730
93.591
94.202
94.853
95.506
96.131
96.291
96.164
95.886
95.911
96.263
96.876
97.585
98.409
98.777
98.778
98.563
98.370
98.073
97.744
97.538
97.353
97.283
97.100
96.910
96.681
96.356
96.246
96.279
96.266
96.340
96.902
98.288
100.422
80.003
81.605
83.398
85.228
86.783
116.036
117.879
118.642
119.067
118.995
118.628
117.962
116.676
115.396
114.680
114.752
114.831
114.937
114.863
114.920
115.090
115.211
115.339
115.357
115.559
115.942
116.201
116.384
116.927
117.050
116.676
116.387
116.157
116.074
115.829
115.698
115.352
115.310
114.746
114.387
116.430
115.980
0.000
0.000
0.000
0.000
0.000
0.000
0.000
0.000
0.000
0.000
0.000
0.000
0.000
0.000
0.000
0.000
0.000
0.000
0.000
0.000
0.000
0.000
0.000
0.000
0.000
0.000
0.000
0.000
0.000
0.000
0.000
585.301
580.960
571.512
576.362
573.118
570.580
570.738
0.000
0.000
0.000
0.000
0.000
0.000
0.000
0.000
0.000
0.000
0.000
0.000
0.000
0.000
174.437
173.972
109.728
109.004
108.527
110.032
111.087
111.942
112.070
112.747
88.312
88.944
89.718
90.992
92.088
75.621
0.000
389.968
394.159
396.462
396.126
396.189
399.850
398.271
396.053
369.144
381.526
0.000
0.000
0.000
0.000
0.000
0.000
431.502
426.320
426.425
0.000
145.051
144.443
87.936
87.489
86.982
86.828
86.646
86.199
85.791
85.760
0.000
424.961
427.543
424.941
424.050
0.000
0.000
0.000
0.000
0.000
0.000
0.000
0.000
0.000
0.000
0.000
0.000
0.000
0.000
92.592
92.163
90.478
88.701
87.277
86.026
85.155
84.971
85.358
86.373
88.336
89.425
92.255
94.077
95.267
96.122
96.595
96.809
96.482
96.409
96.275
96.111
96.079
96.179
96.210
96.364
96.465
96.587
96.511
96.369
96.081
95.205
93.832
92.595
91.078
89.179
87.997
86.937
86.396
86.001
85.688
85.323
85.175
85.219
85.372
85.604
85.844
86.017
86.114
86.329
86.595
86.808
86.927
86.965
86.915
86.811
86.760
86.653
86.625
86.609
86.747
86.899
86.844
86.595
86.321
86.127
86.063
86.129
86.347
86.662
87.085
87.176
87.004
86.775
86.671
86.610
86.420
86.296
86.357
86.543
86.802
87.118
87.284
86.998
86.588
86.363
86.333
86.605
86.952
87.176
87.218
87.041
86.893
86.807
86.723
86.692
86.699
86.753
86.774
86.797
86.710
86.445
86.203
85.969
85.809
85.846
86.110
86.286
86.352
86.280
86.225
86.376
86.450
86.442
86.599
86.741
86.933
86.686
86.522
86.974
87.133
84.537
82.421
82.469
0.000
0.000
0.000
0.000
0.000
0.000
0.000
359.451
358.295
350.474
324.157
0.000
93.461
93.959
94.161
94.392
94.776
95.024
95.489
95.627
95.536
95.462
95.053
94.608
94.158
93.620
277.844
270.120
259.190
261.190
0.000
0.000
0.000
0.000
0.000
0.000
0.000
0.000
0.000
280.927
239.333
217.712
209.357
100.917
99.757
99.267
98.316
97.992
97.075
96.669
96.687
96.802
97.078
97.480
97.660
97.622
97.463
97.043
96.927
97.081
97.261
97.291
97.460
97.413
97.356
97.280
97.307
97.328
97.375
97.503
97.702
98.043
98.251
98.377
98.334
98.105
98.032
98.126
98.065
97.811
97.595
97.560
97.676
97.656
97.348
97.019
96.996
96.934
96.823
96.618
96.651
96.736
96.871
96.965
97.174
97.396
97.550
97.611
97.610
97.619
97.448
97.201
97.026
96.716
96.386
96.257
96.390
96.819
97.174
97.310
97.273
97.324
97.659
97.802
97.641
97.603
97.595
97.708
97.987
98.381
98.704
98.780
98.674
98.358
98.069
97.905
97.687
97.543
97.398
97.257
97.254
194.727
195.075
195.113
195.007
194.783
194.811
194.363
193.194
192.547
192.327
192.072
191.779
191.967
192.631
193.354
193.972
194.944
195.538
195.557
195.469
194.456
193.319
192.381
191.618
191.689
191.227
190.901
190.857
190.530
189.933
189.877
190.089
190.640
191.421
192.052
192.792
193.558
194.106
194.008
193.302
192.060
190.795
188.821
188.557
189.009
189.888
190.992
192.742
193.828
194.839
195.613
194.904
194.237
194.150
194.174
194.855
195.698
196.212
195.896
195.918
196.738
196.585
197.234
197.410
191.816
191.460
192.080
192.223
190.625
190.903
0.000
0.000
0.000
0.000
0.000
0.000
0.000
0.000
0.000
0.000
0.000
0.000
0.000
0.000
0.000
0.000
0.000
0.000
0.000
0.000
0.000
0.000
0.000
0.000
0.000
0.000
0.000
0.000
0.000
0.000
0.000
0.000
0.000
0.000
0.000
0.000
