0.0
0.0
0.0
0.0
0.0
0.0
0.0
0.0
0.0
0.0
0.0
0.0
0.0
0.0
0.0
0.0
0.0
0.0
0.0
0.0
0.0
0.0
0.0
0.0
184.72827
186.5908
194.36389
196.23495
0.0
0.0
0.0
181.72252
182.21114
0.0
0.0
0.0
137.4452
130.47797
138.21103
0.0
0.0
0.0
142.08524
147.18448
0.0
0.0
0.0
131.31578
129.8192
129.85258
0.0
0.0
0.0
0.0
0.0
0.0
0.0
0.0
0.0
0.0
0.0
0.0
0.0
0.0
0.0
0.0
0.0
116.031
0.0
0.0
0.0
0.0
0.0
0.0
0.0
0.0
0.0
0.0
0.0
0.0
0.0
0.0
0.0
0.0
0.0
0.0
0.0
0.0
0.0
0.0
136.54327
0.0
0.0
0.0
0.0
0.0
142.71854
139.66504
0.0
176.0243
0.0
0.0
0.0
0.0
0.0
0.0
0.0
0.0
0.0
0.0
0.0
0.0
0.0
0.0
0.0
0.0
0.0
0.0
0.0
177.55284
180.2233
194.99559
191.89113
0.0
0.0
0.0
0.0
0.0
0.0
0.0
0.0
0.0
0.0
0.0
0.0
0.0
141.64636
0.0
0.0
134.62402
0.0
0.0
0.0
0.0
0.0
0.0
0.0
0.0
0.0
0.0
0.0
0.0
0.0
0.0
0.0
131.77791
138.18823
0.0
0.0
0.0
141.92436
0.0
138.69884
0.0
0.0
0.0
0.0
0.0
0.0
0.0
0.0
0.0
0.0
0.0
0.0
0.0
0.0
0.0
0.0
0.0
0.0
0.0
0.0
0.0
0.0
0.0
0.0
0.0
0.0
0.0
0.0
0.0
0.0
0.0
0.0
0.0
0.0
0.0
0.0
0.0
0.0
0.0
0.0
0.0
0.0
0.0
0.0
0.0
0.0
0.0
0.0
172.20671
0.0
184.74173
197.72269
197.33302
0.0
0.0
176.6956
177.24774
0.0
0.0
0.0
135.63187
0.0
135.28429
0.0
142.33922
0.0
0.0
139.90088
128.10426
129.12286
130.12506
132.30722
0.0
0.0
132.20918
131.1697
131.03625
131.20894
130.93547
131.62267
135.74318
0.0
0.0
0.0
0.0
0.0
0.0
0.0
0.0
0.0
0.0
0.0
0.0
0.0
0.0
0.0
0.0
0.0
0.0
0.0
0.0
0.0
0.0
0.0
0.0
0.0
0.0
0.0
0.0
0.0
0.0
0.0
0.0
0.0
149.86186
152.23839
148.61853
148.62497
150.1392
148.9196
0.0
0.0
0.0
0.0
0.0
169.46329
171.2569
0.0
0.0
0.0
0.0
0.0
0.0
0.0
0.0
0.0
0.0
0.0
0.0
0.0
0.0
0.0
180.71136
186.44373
192.40591
196.8134
194.4207
177.5143
182.4857
179.48634
0.0
0.0
161.52643
140.83745
140.26904
143.09888
147.0534
146.58939
139.99617
134.14229
135.60228
0.0
0.0
0.0
0.0
0.0
0.0
0.0
0.0
0.0
0.0
0.0
0.0
0.0
0.0
0.0
155.29163
154.56845
148.91156
150.99962
147.90637
0.0
0.0
0.0
0.0
0.0
0.0
0.0
0.0
0.0
0.0
0.0
0.0
0.0
0.0
0.0
0.0
0.0
0.0
0.0
0.0
0.0
0.0
0.0
0.0
0.0
0.0
0.0
0.0
0.0
0.0
0.0
0.0
0.0
0.0
0.0
0.0
0.0
0.0
0.0
0.0
0.0
0.0
0.0
0.0
0.0
0.0
0.0
0.0
0.0
0.0
0.0
0.0
0.0
185.01866
184.91853
197.76625
200.4985
197.85808
192.1148
185.0124
177.79376
0.0
0.0
0.0
0.0
137.309
133.29941
145.96857
147.66985
145.62233
145.4577
0.0
144.02695
135.20189
135.46143
0.0
131.466
0.0
131.42621
131.00008
131.0802
130.96161
130.86966
130.9066
130.66354
0.0
0.0
79.1583
138.74763
137.43861
143.7729
145.51949
0.0
140.71004
0.0
0.0
0.0
0.0
0.0
0.0
0.0
0.0
0.0
0.0
0.0
0.0
0.0
134.96687
0.0
0.0
0.0
0.0
0.0
131.3653
129.08798
146.4481
0.0
0.0
139.71205
142.49788
0.0
0.0
0.0
0.0
0.0
0.0
0.0
0.0
0.0
0.0
0.0
0.0
0.0
0.0
0.0
0.0
0.0
0.0
0.0
0.0
0.0
0.0
0.0
0.0
0.0
0.0
0.0
0.0
192.47496
198.53969
207.28088
197.26312
177.60097
180.72435
179.38005
179.95976
0.0
0.0
0.0
0.0
0.0
0.0
0.0
146.48396
0.0
0.0
0.0
0.0
0.0
0.0
0.0
0.0
0.0
0.0
0.0
0.0
0.0
0.0
0.0
0.0
138.78784
137.25566
0.0
143.75887
0.0
0.0
0.0
0.0
140.78284
138.68077
0.0
0.0
0.0
0.0
0.0
0.0
133.97612
130.45355
0.0
0.0
0.0
0.0
0.0
0.0
0.0
0.0
0.0
0.0
0.0
0.0
0.0
0.0
0.0
0.0
136.15082
0.0
0.0
0.0
0.0
0.0
0.0
0.0
0.0
0.0
0.0
0.0
0.0
0.0
0.0
0.0
0.0
0.0
0.0
0.0
0.0
0.0
0.0
0.0
0.0
219.18474
184.02979
190.18886
195.21455
201.83383
199.65437
196.57027
179.59712
0.0
0.0
0.0
162.45065
164.6402
0.0
0.0
0.0
0.0
0.0
122.40032
0.0
0.0
0.0
0.0
0.0
0.0
0.0
0.0
0.0
0.0
0.0
0.0
0.0
0.0
0.0
129.96156
0.0
0.0
0.0
0.0
137.41585
142.23448
0.0
0.0
153.27711
140.70267
139.1968
0.0
0.0
0.0
0.0
0.0
0.0
0.0
0.0
0.0
0.0
0.0
0.0
0.0
128.68527
129.30693
136.483
0.0
0.0
130.34084
129.1382
128.10756
119.76675
0.0
0.0
0.0
0.0
0.0
0.0
0.0
0.0
0.0
0.0
0.0
0.0
187.6513
185.55907
0.0
0.0
0.0
176.93964
0.0
0.0
0.0
0.0
0.0
0.0
0.0
0.0
0.0
0.0
0.0
0.0
179.30016
182.8516
184.72235
192.9971
192.21426
187.76653
208.24174
0.0
0.0
0.0
0.0
0.0
0.0
132.20522
129.62369
141.91617
0.0
0.0
142.42963
136.50429
0.0
0.0
0.0
0.0
0.0
0.0
0.0
0.0
0.0
0.0
0.0
0.0
131.00336
81.602745
0.0
0.0
0.0
0.0
143.3819
0.0
0.0
0.0
0.0
0.0
0.0
0.0
0.0
0.0
0.0
0.0
0.0
0.0
0.0
0.0
0.0
0.0
0.0
0.0
0.0
0.0
0.0
0.0
0.0
0.0
0.0
