0.0
0.0
0.0
0.0
0.0
0.0
0.0
0.0
0.0
0.0
0.0
0.0
0.0
0.0
0.0
0.0
0.0
0.0
0.0
0.0
0.0
0.0
0.0
0.0
0.0
0.0
0.0
0.0
184.73897
189.53981
197.72418
193.71748
0.0
0.0
173.87935
175.56491
176.93884
0.0
0.0
0.0
0.0
133.47293
130.43956
143.44124
0.0
132.59886
0.0
0.0
0.0
0.0
0.0
132.49872
0.0
0.0
0.0
0.0
0.0
0.0
0.0
0.0
0.0
0.0
0.0
136.55156
132.42714
0.0
0.0
0.0
0.0
0.0
0.0
0.0
0.0
0.0
0.0
0.0
0.0
0.0
0.0
0.0
0.0
0.0
0.0
0.0
0.0
0.0
133.47737
0.0
0.0
0.0
0.0
0.0
0.0
0.0
0.0
0.0
131.6422
143.71904
147.6193
146.20389
145.12073
143.92659
142.75626
0.0
0.0
94.75093
91.60432
91.16387
0.0
0.0
0.0
0.0
0.0
0.0
0.0
0.0
0.0
0.0
0.0
0.0
0.0
0.0
0.0
0.0
186.27997
186.73514
193.19452
198.35085
199.68655
0.0
0.0
187.23346
177.21216
0.0
0.0
0.0
0.0
189.11035
0.0
0.0
0.0
0.0
139.84409
108.55266
0.0
134.33112
132.19543
133.76324
0.0
0.0
0.0
0.0
0.0
0.0
0.0
0.0
0.0
0.0
0.0
0.0
0.0
138.13948
136.39977
0.0
0.0
0.0
134.94447
0.0
0.0
138.23106
134.417
0.0
0.0
0.0
0.0
0.0
0.0
0.0
133.63193
0.0
133.87923
0.0
0.0
0.0
0.0
0.0
0.0
0.0
0.0
0.0
0.0
0.0
0.0
0.0
0.0
0.0
0.0
133.57817
130.24597
126.11951
0.0
0.0
0.0
0.0
0.0
0.0
0.0
0.0
0.0
0.0
0.0
0.0
0.0
0.0
0.0
0.0
0.0
0.0
0.0
0.0
178.75125
178.95724
193.73729
199.67705
199.65988
191.9752
212.75774
183.10275
0.0
0.0
0.0
0.0
171.18333
142.77858
0.0
0.0
0.0
143.87628
0.0
0.0
139.83008
132.56606
129.31793
135.01654
136.00986
134.29668
131.45953
131.13492
131.51556
133.38885
131.82523
131.82523
131.16283
148.61044
205.1899
155.00072
139.06035
0.0
147.9792
0.0
142.54904
139.57144
0.0
0.0
0.0
0.0
0.0
0.0
0.0
0.0
0.0
0.0
0.0
0.0
131.20316
135.35037
133.34003
0.0
0.0
0.0
0.0
0.0
0.0
0.0
0.0
131.70508
138.58714
144.25728
0.0
145.52258
144.4226
0.0
0.0
0.0
0.0
0.0
0.0
0.0
0.0
0.0
0.0
0.0
0.0
0.0
0.0
0.0
0.0
0.0
0.0
0.0
0.0
0.0
192.04033
191.60149
198.2234
203.29323
198.31949
194.47562
181.4492
175.21997
0.0
178.92532
0.0
0.0
143.64494
134.96774
135.33284
139.29767
0.0
140.07913
135.46393
132.17497
0.0
130.66408
131.4859
130.86894
131.8624
132.01071
131.55794
130.80734
130.85754
130.62045
130.04921
128.83896
0.0
0.0
0.0
0.0
146.48784
144.66832
144.1268
113.38739
0.0
0.0
0.0
0.0
0.0
0.0
0.0
0.0
0.0
0.0
0.0
0.0
0.0
0.0
0.0
0.0
0.0
0.0
0.0
0.0
0.0
0.0
0.0
0.0
0.0
0.0
0.0
0.0
0.0
0.0
0.0
0.0
0.0
0.0
0.0
0.0
0.0
0.0
0.0
0.0
0.0
0.0
0.0
0.0
0.0
0.0
0.0
0.0
0.0
0.0
0.0
0.0
0.0
0.0
0.0
0.0
195.85413
204.16403
209.30876
215.01761
205.48495
203.91772
194.96875
188.97368
184.9266
183.64168
0.0
0.0
0.0
139.12477
0.0
0.0
0.0
0.0
0.0
0.0
0.0
0.0
0.0
135.19817
0.0
131.18782
132.9022
0.0
133.14467
131.56268
0.0
134.7946
135.57095
132.19452
130.25037
0.0
0.0
138.63795
0.0
0.0
0.0
0.0
0.0
0.0
0.0
0.0
0.0
0.0
0.0
0.0
0.0
0.0
0.0
0.0
0.0
0.0
0.0
0.0
0.0
0.0
0.0
0.0
0.0
129.1393
129.74298
128.7804
133.42377
0.0
0.0
0.0
137.63585
136.479
0.0
0.0
0.0
0.0
0.0
0.0
0.0
0.0
196.09511
184.40208
184.4515
0.0
0.0
179.04768
0.0
0.0
0.0
0.0
0.0
0.0
0.0
0.0
0.0
0.0
0.0
0.0
0.0
182.05682
189.35344
192.35802
199.53815
193.33376
189.18558
183.658
185.54254
183.45938
0.0
0.0
0.0
0.0
0.0
132.89981
0.0
0.0
0.0
0.0
153.67134
146.33466
139.51909
135.01915
135.60759
135.08546
133.79935
132.26007
133.16205
134.38232
133.47476
133.334
134.4215
138.23645
131.03
0.0
142.69266
141.42903
141.2876
0.0
0.0
0.0
0.0
0.0
142.42505
0.0
138.64851
129.81812
131.06183
128.8067
129.92758
130.31667
129.40544
130.31706
123.609146
129.11777
128.1778
118.1601
0.0
0.0
0.0
122.44009
0.0
0.0
0.0
0.0
0.0
0.0
118.76511
119.288475
0.0
133.60277
133.26917
0.0
0.0
0.0
128.03795
0.0
0.0
0.0
0.0
0.0
0.0
0.0
0.0
0.0
0.0
0.0
0.0
0.0
0.0
0.0
0.0
0.0
0.0
0.0
0.0
0.0
0.0
192.67496
183.06761
200.02246
206.45366
199.28381
194.23154
190.99551
181.13547
179.28471
180.56119
180.81184
0.0
0.0
0.0
0.0
0.0
0.0
143.34267
0.0
180.64153
141.47464
0.0
0.0
0.0
0.0
0.0
0.0
0.0
134.69241
0.0
133.71678
0.0
0.0
0.0
0.0
131.68365
144.8441
141.52312
0.0
0.0
0.0
0.0
0.0
134.37842
0.0
0.0
0.0
0.0
0.0
0.0
0.0
0.0
0.0
0.0
0.0
0.0
143.62444
141.56094
143.93587
140.56908
135.55844
134.36964
133.8883
136.38838
128.65715
0.0
0.0
0.0
139.27412
138.86922
0.0
0.0
0.0
0.0
0.0
0.0
0.0
0.0
0.0
183.29356
0.0
181.1639
183.25516
178.62633
0.0
0.0
0.0
0.0
0.0
0.0
0.0
0.0
0.0
0.0
0.0
0.0
180.39285
182.36172
198.60036
202.5396
189.96187
0.0
0.0
0.0
0.0
0.0
0.0
0.0
0.0
0.0
134.35991
137.94946
0.0
0.0
0.0
0.0
136.20642
135.80429
134.86339
134.67238
134.8651
134.93614
134.71725
133.1688
134.45999
135.34464
0.0
0.0
0.0
0.0
0.0
0.0
0.0
0.0
0.0
147.07838
0.0
0.0
0.0
0.0
0.0
0.0
0.0
0.0
0.0
0.0
0.0
0.0
0.0
0.0
0.0
0.0
0.0
0.0
0.0
0.0
0.0
0.0
0.0
0.0
0.0
0.0
0.0
0.0
0.0
0.0
0.0
0.0
0.0
0.0
0.0
