0.0
0.0
0.0
0.0
0.0
0.0
0.0
0.0
0.0
0.0
0.0
0.0
0.0
0.0
0.0
0.0
0.0
0.0
0.0
0.0
0.0
0.0
0.0
0.0
0.0
0.0
0.0
0.0
0.0
0.0
0.0
0.0
189.51517
197.07747
197.7926
191.39201
0.0
0.0
0.0
0.0
0.0
0.0
0.0
0.0
0.0
130.95184
131.37909
142.7978
143.62762
0.0
0.0
155.0738
137.86052
131.58188
135.87346
135.15668
132.78172
130.049
0.0
129.71095
131.99756
131.60725
131.40881
0.0
0.0
0.0
0.0
0.0
0.0
0.0
0.0
0.0
0.0
0.0
0.0
120.15807
0.0
0.0
0.0
0.0
0.0
0.0
0.0
0.0
0.0
0.0
0.0
0.0
0.0
0.0
128.95297
129.25456
129.32849
0.0
0.0
0.0
0.0
0.0
0.0
0.0
132.14001
135.79121
145.32347
148.71115
147.90771
148.28806
147.79294
142.20514
132.47258
0.0
177.15573
177.92143
175.9311
0.0
173.00089
172.79549
0.0
0.0
0.0
0.0
0.0
0.0
0.0
0.0
0.0
0.0
0.0
0.0
0.0
0.0
178.77405
181.97116
196.3855
197.00128
0.0
0.0
0.0
176.50133
177.2113
0.0
0.0
0.0
0.0
0.0
0.0
0.0
143.72382
0.0
0.0
136.35976
134.79129
135.51471
136.0931
0.0
133.69136
0.0
132.24165
0.0
0.0
0.0
0.0
0.0
129.5548
128.81413
0.0
140.72641
137.87358
140.15138
150.71104
0.0
0.0
0.0
0.0
138.75473
127.04707
129.04755
131.3459
132.29105
132.4671
129.90881
133.53352
132.08783
133.49849
132.85262
134.2708
130.77615
124.89548
0.0
0.0
0.0
0.0
122.52878
0.0
0.0
0.0
0.0
0.0
0.0
0.0
0.0
0.0
0.0
0.0
0.0
0.0
0.0
0.0
0.0
0.0
0.0
0.0
0.0
0.0
0.0
0.0
0.0
0.0
0.0
0.0
0.0
0.0
187.98753
181.92534
186.3309
195.71146
200.71182
198.65135
189.06078
182.19336
179.0256
178.10545
173.37929
0.0
0.0
133.77704
0.0
0.0
0.0
0.0
0.0
0.0
137.69214
134.06133
133.9132
132.14528
132.57741
132.71547
132.71011
132.73245
131.53474
131.56094
131.91194
130.00128
130.4417
136.35759
242.6861
214.76366
0.0
0.0
0.0
0.0
0.0
0.0
0.0
0.0
0.0
0.0
0.0
0.0
0.0
0.0
0.0
0.0
0.0
0.0
0.0
135.49275
135.15556
132.26004
133.28601
133.42242
134.13918
134.62746
132.09901
124.112045
0.0
0.0
0.0
139.09125
137.34006
141.2171
0.0
0.0
0.0
0.0
0.0
0.0
0.0
0.0
173.95218
0.0
0.0
176.86102
0.0
0.0
0.0
0.0
0.0
0.0
0.0
0.0
0.0
0.0
0.0
0.0
187.19107
178.83252
188.80165
200.659
200.6256
194.7647
164.69536
178.11476
174.81248
178.22485
178.06885
0.0
0.0
143.07925
137.82716
0.0
146.0128
143.65942
133.80975
132.79388
133.36691
0.0
0.0
0.0
132.6214
132.56473
131.41766
0.0
0.0
0.0
130.44853
129.42247
129.1487
130.27007
127.683556
0.0
154.22421
0.0
0.0
143.1193
142.5813
0.0
0.0
0.0
0.0
0.0
0.0
0.0
0.0
0.0
0.0
0.0
0.0
0.0
0.0
0.0
0.0
0.0
0.0
0.0
0.0
0.0
0.0
0.0
0.0
0.0
0.0
0.0
0.0
0.0
0.0
0.0
0.0
0.0
0.0
0.0
0.0
0.0
0.0
0.0
0.0
0.0
0.0
0.0
0.0
0.0
0.0
0.0
0.0
0.0
182.8992
185.3687
199.65733
206.70464
203.42285
192.06125
184.14624
181.44504
179.70638
176.67175
0.0
0.0
140.46318
136.20732
144.02107
0.0
0.0
0.0
0.0
0.0
136.89359
134.46872
134.36392
134.33508
131.88763
0.0
0.0
0.0
0.0
131.74132
134.01697
133.24226
129.13554
0.0
154.46744
140.16095
150.10002
0.0
0.0
146.19032
0.0
142.62584
122.20131
121.921974
0.0
0.0
0.0
120.80941
0.0
0.0
0.0
0.0
0.0
130.44826
141.3726
140.10966
0.0
0.0
0.0
135.70442
136.36142
136.2992
132.6959
0.0
0.0
139.56697
140.21475
0.0
0.0
0.0
0.0
0.0
0.0
0.0
0.0
0.0
185.41676
182.65321
181.65125
181.21088
179.92975
182.68501
179.16919
0.0
0.0
0.0
0.0
0.0
0.0
0.0
0.0
0.0
210.04674
180.25882
177.24103
186.65302
213.35007
195.8592
0.0
184.02094
179.70729
178.23042
0.0
0.0
0.0
0.0
140.41147
0.0
0.0
0.0
0.0
0.0
0.0
143.21925
133.9065
135.79076
137.32521
136.22652
135.08543
135.50406
134.01837
134.16174
134.71951
134.58856
135.79344
134.66579
130.9292
0.0
141.98718
139.3826
141.00403
150.97722
0.0
0.0
0.0
0.0
0.0
140.51366
136.90343
0.0
135.64386
135.03362
135.5058
135.18997
134.68768
135.1989
135.51555
133.90259
136.31192
0.0
0.0
0.0
0.0
119.07169
0.0
0.0
0.0
0.0
122.68715
0.0
0.0
134.1792
0.0
0.0
133.49158
0.0
0.0
0.0
0.0
0.0
0.0
0.0
0.0
0.0
0.0
0.0
0.0
0.0
0.0
0.0
0.0
0.0
0.0
0.0
0.0
0.0
0.0
0.0
179.16173
181.22746
191.10829
200.76051
193.82225
192.00555
185.26889
177.06213
175.77661
174.88837
171.96199
0.0
0.0
143.62407
138.54341
143.31323
0.0
144.25345
0.0
0.0
146.76889
135.61543
135.03941
135.62234
134.63187
136.2738
0.0
0.0
0.0
0.0
132.81526
0.0
0.0
0.0
0.0
142.09727
142.6856
0.0
141.05116
0.0
0.0
0.0
145.12996
131.16232
122.143425
119.13985
121.15042
121.11658
0.0
0.0
0.0
0.0
0.0
0.0
0.0
146.57768
142.10825
139.94405
140.16284
138.54266
0.0
134.56969
135.35986
0.0
131.01431
124.23299
0.0
138.59431
136.50496
0.0
0.0
0.0
0.0
0.0
0.0
0.0
0.0
0.0
0.0
181.76967
183.4886
183.80751
0.0
0.0
182.94733
0.0
0.0
0.0
0.0
0.0
0.0
0.0
0.0
0.0
0.0
0.0
181.5192
188.19492
192.92671
201.70361
0.0
0.0
186.6164
178.80945
183.12097
0.0
0.0
0.0
0.0
136.09967
0.0
0.0
0.0
0.0
138.76413
136.55785
0.0
0.0
0.0
133.48734
133.19057
0.0
0.0
0.0
0.0
134.34685
134.49966
134.10063
0.0
0.0
0.0
0.0
0.0
0.0
0.0
0.0
0.0
0.0
0.0
0.0
0.0
0.0
0.0
0.0
0.0
0.0
0.0
0.0
0.0
0.0
0.0
0.0
0.0
0.0
0.0
0.0
0.0
0.0
0.0
0.0
0.0
0.0
0.0
0.0
0.0
0.0
0.0
0.0
0.0
0.0
0.0
0.0
0.0
0.0
0.0
0.0
0.0
0.0
0.0
0.0
0.0
0.0
0.0
0.0
0.0
