0.0
0.0
0.0
0.0
0.0
0.0
0.0
0.0
0.0
0.0
0.0
0.0
0.0
0.0
0.0
0.0
0.0
0.0
0.0
0.0
0.0
0.0
0.0
165.56526
213.65498
237.68129
240.64262
229.79561
222.74696
0.0
0.0
0.0
209.75462
190.10611
0.0
0.0
0.0
171.9385
154.76163
0.0
157.52478
162.7537
163.3214
161.22255
159.74597
162.1969
0.0
0.0
162.47945
174.62656
0.0
0.0
0.0
0.0
0.0
0.0
0.0
0.0
132.32478
128.2914
134.45296
0.0
0.0
0.0
0.0
0.0
0.0
0.0
0.0
144.44522
157.40004
161.88446
161.73694
161.4597
161.62886
0.0
0.0
0.0
0.0
165.23398
167.67572
172.95282
0.0
0.0
0.0
0.0
0.0
0.0
0.0
0.0
179.9851
185.54898
186.15259
0.0
0.0
0.0
0.0
0.0
0.0
0.0
0.0
0.0
143.57779
0.0
228.73901
255.25215
249.15167
237.20317
220.08064
221.75719
219.56424
208.06459
193.55731
185.18266
0.0
0.0
177.40353
0.0
0.0
150.04373
158.9087
0.0
0.0
0.0
0.0
0.0
0.0
0.0
0.0
165.8647
183.05902
188.70503
184.2999
0.0
0.0
0.0
0.0
0.0
0.0
0.0
0.0
0.0
0.0
147.25938
147.39989
0.0
0.0
161.51097
181.65129
191.44408
188.30954
0.0
0.0
142.70381
0.0
0.0
0.0
0.0
0.0
149.37248
0.0
0.0
0.0
0.0
0.0
0.0
0.0
0.0
0.0
0.0
0.0
0.0
0.0
0.0
0.0
0.0
0.0
0.0
0.0
0.0
0.0
0.0
191.60748
212.38246
233.82825
251.46832
249.32912
228.54105
216.49841
215.94048
208.64397
205.09543
195.8178
187.8348
184.93428
181.72806
0.0
0.0
155.11815
156.77104
0.0
0.0
0.0
0.0
0.0
0.0
159.93495
227.23494
0.0
162.43004
166.86081
166.27211
166.31992
0.0
0.0
0.0
166.52847
174.09843
181.4139
186.39627
182.60574
176.17467
0.0
141.84949
137.193
138.14276
0.0
0.0
0.0
0.0
0.0
0.0
0.0
158.65076
0.0
0.0
0.0
166.29369
175.8519
178.11583
186.17393
183.0542
180.11804
182.51883
186.09294
182.48715
184.01215
0.0
192.9352
0.0
0.0
0.0
0.0
0.0
0.0
0.0
163.06493
163.26462
208.5132
226.05473
230.54376
242.67128
239.75336
234.11581
221.20712
210.36891
206.11967
199.15128
0.0
185.65233
183.5189
179.97183
174.60455
0.0
0.0
0.0
0.0
0.0
0.0
0.0
0.0
0.0
0.0
169.4968
176.85558
178.31175
180.34787
183.6832
188.364
189.26051
191.18723
183.9888
0.0
0.0
0.0
0.0
0.0
139.6965
137.63808
141.22821
0.0
0.0
0.0
0.0
0.0
0.0
0.0
0.0
0.0
0.0
0.0
0.0
0.0
0.0
0.0
0.0
0.0
0.0
0.0
0.0
0.0
0.0
0.0
0.0
0.0
0.0
147.42804
170.51935
216.85922
231.87225
233.34062
229.72308
224.2703
215.70723
213.87082
207.87915
202.7499
188.34372
187.54597
0.0
0.0
173.47746
158.26973
156.5193
153.11363
157.1181
161.38614
161.43813
0.0
0.0
0.0
0.0
164.42204
165.5796
172.78397
0.0
193.45874
0.0
184.29941
185.68726
0.0
174.69746
163.36462
146.24551
143.03198
143.02692
143.93713
144.67772
0.0
144.09604
143.46515
142.84933
148.8367
159.01534
0.0
166.66272
165.51263
168.56328
173.13802
0.0
179.65549
180.23578
185.93906
0.0
0.0
187.84712
184.84113
187.33856
0.0
0.0
0.0
0.0
0.0
0.0
0.0
0.0
0.0
0.0
0.0
0.0
0.0
0.0
210.9598
239.81393
240.2791
239.25345
233.79727
220.32292
213.19499
209.0509
203.51595
194.14975
185.0693
0.0
0.0
176.02713
172.11115
165.23155
157.52155
156.6614
0.0
161.89304
0.0
0.0
0.0
0.0
0.0
0.0
0.0
0.0
168.21718
176.33589
180.86475
183.26128
185.56384
184.75197
184.4065
177.81535
0.0
0.0
144.37202
0.0
142.74437
0.0
0.0
143.15
143.80016
143.65392
142.27498
142.70334
142.327
142.34679
141.62299
0.0
0.0
0.0
0.0
0.0
0.0
0.0
0.0
0.0
0.0
0.0
0.0
189.85599
229.89716
235.22388
242.9789
250.08826
227.9475
223.93752
219.58939
210.18335
201.92825
184.02008
178.59666
178.62227
175.20135
172.145
0.0
163.59688
0.0
0.0
164.00452
0.0
0.0
0.0
160.68729
164.21396
169.87839
172.08752
171.45209
170.94872
171.69046
174.77663
178.04478
177.17384
174.3626
171.94475
0.0
0.0
0.0
0.0
0.0
141.7002
0.0
0.0
0.0
0.0
0.0
0.0
0.0
171.8336
176.2908
0.0
0.0
0.0
0.0
0.0
0.0
0.0
0.0
0.0
0.0
0.0
0.0
0.0
0.0
0.0
0.0
0.0
0.0
0.0
0.0
190.20204
208.61534
235.97525
234.89696
230.92155
220.4953
212.83998
211.59781
205.56366
196.91736
197.06642
186.87495
185.16966
183.32213
178.81664
175.80649
171.28235
0.0
0.0
0.0
0.0
0.0
0.0
167.77487
0.0
0.0
0.0
0.0
0.0
0.0
0.0
0.0
145.67688
154.95544
162.6512
169.6082
185.07903
190.6433
188.63983
186.52434
183.0373
0.0
143.28258
0.0
143.3538
0.0
0.0
148.3726
146.21098
0.0
144.11041
145.64992
146.72186
0.0
0.0
145.03539
0.0
150.72052
150.49586
0.0
0.0
0.0
0.0
0.0
0.0
0.0
0.0
0.0
0.0
