0.0
0.0
0.0
0.0
0.0
0.0
0.0
0.0
0.0
0.0
0.0
0.0
0.0
0.0
0.0
0.0
0.0
0.0
0.0
0.0
0.0
0.0
177.36263
202.90448
201.84734
197.7113
0.0
188.37656
179.70068
177.42084
176.26204
0.0
0.0
0.0
141.89857
148.99182
148.04004
145.67264
0.0
0.0
130.14313
138.78915
131.68694
130.26173
130.64746
129.65164
131.10681
130.71365
131.85947
130.28165
0.0
0.0
0.0
0.0
0.0
0.0
0.0
0.0
138.24591
136.37706
139.45528
0.0
0.0
0.0
0.0
0.0
0.0
0.0
0.0
0.0
0.0
0.0
0.0
0.0
0.0
0.0
123.05336
126.701744
0.0
0.0
124.95097
0.0
0.0
125.017914
0.0
0.0
137.91197
138.10919
140.28638
140.75233
139.59264
141.60225
141.05103
140.86092
140.94963
140.11896
0.0
162.87999
164.89787
165.97148
171.7297
0.0
166.90399
0.0
0.0
0.0
0.0
0.0
0.0
0.0
0.0
170.84795
167.73897
188.47597
201.92537
0.0
0.0
174.65103
174.19029
170.62453
0.0
0.0
143.37195
0.0
0.0
0.0
0.0
0.0
134.26323
0.0
0.0
133.31007
0.0
0.0
0.0
131.31752
0.0
0.0
0.0
0.0
0.0
127.539734
0.0
147.03647
138.6981
143.56477
140.81789
0.0
0.0
0.0
148.92659
136.5729
126.0223
127.25106
127.19539
126.301674
127.261154
128.34535
128.84087
128.51341
127.93749
128.32008
128.93414
130.35796
129.67818
126.37027
122.80981
114.80384
112.55386
115.27532
116.03072
111.443855
0.0
0.0
116.01038
114.72451
0.0
114.81807
113.982346
113.245056
114.90771
113.989296
0.0
0.0
0.0
0.0
0.0
0.0
0.0
0.0
0.0
0.0
0.0
0.0
185.6595
188.91257
195.27374
193.80286
188.59105
177.20903
170.21487
168.47926
169.9291
0.0
0.0
0.0
0.0
0.0
0.0
0.0
133.37598
128.47058
126.33563
129.22444
126.83963
128.26883
0.0
132.04628
0.0
0.0
0.0
0.0
132.69307
131.26274
131.6269
142.21501
0.0
0.0
0.0
0.0
0.0
0.0
0.0
116.709656
113.342964
113.80437
0.0
112.56907
112.88052
113.511894
113.216156
0.0
0.0
0.0
132.8923
127.18338
0.0
0.0
0.0
0.0
0.0
0.0
0.0
0.0
132.50273
136.89357
141.46268
146.75302
145.3473
144.86618
143.4062
140.04408
0.0
0.0
0.0
180.91994
168.35852
0.0
0.0
168.79659
0.0
0.0
0.0
0.0
0.0
0.0
0.0
0.0
0.0
0.0
169.80591
181.57603
195.1203
186.14435
0.0
178.37859
175.39835
173.41087
173.39668
0.0
153.44385
142.062
143.77148
142.71405
129.31505
125.58926
123.53938
125.04985
127.75832
0.0
0.0
0.0
0.0
0.0
0.0
0.0
0.0
0.0
128.64362
0.0
142.35873
141.3655
138.25566
139.39752
138.2755
122.9212
117.38804
114.816154
115.603905
115.411896
114.60843
114.04446
113.581924
114.24232
114.74834
114.213524
114.4159
112.865295
113.58617
113.683174
0.0
0.0
0.0
0.0
0.0
0.0
0.0
0.0
0.0
0.0
0.0
0.0
0.0
155.0898
173.45348
182.97728
195.58794
187.84529
169.36064
168.42139
169.80476
171.0124
0.0
164.40785
141.14679
138.64214
143.23895
139.44205
139.00679
139.17296
136.5816
60.937992
62.056004
63.459866
63.221767
62.744343
63.850136
63.98096
63.321976
0.0
0.0
0.0
128.40233
127.17088
125.67432
124.46643
124.94669
0.0
144.0011
146.36722
145.6278
138.70602
118.84023
114.05089
113.66107
114.62043
115.570694
114.610916
115.31428
114.42638
112.64815
0.0
0.0
198.75444
170.1492
129.46127
0.0
0.0
0.0
126.758
0.0
0.0
0.0
0.0
141.74936
0.0
0.0
0.0
0.0
0.0
137.24016
0.0
0.0
0.0
0.0
0.0
0.0
0.0
0.0
136.21468
171.70174
180.14857
189.61894
0.0
189.77658
172.49239
171.94386
0.0
0.0
0.0
0.0
0.0
0.0
0.0
0.0
0.0
0.0
124.72008
124.91283
125.89821
126.546585
126.75203
125.80186
126.43492
0.0
125.60702
108.71183
133.5146
0.0
0.0
0.0
0.0
0.0
123.3624
123.92881
125.93076
125.759125
125.244446
125.14185
126.25569
126.72551
126.360085
127.77402
0.0
0.0
0.0
0.0
0.0
0.0
0.0
136.42809
0.0
0.0
0.0
111.484856
0.0
112.89466
115.078995
114.92458
115.25767
114.57915
114.23799
115.08123
113.67177
0.0
0.0
0.0
0.0
0.0
0.0
0.0
0.0
0.0
0.0
0.0
0.0
0.0
0.0
0.0
0.0
0.0
0.0
0.0
168.46484
191.8816
201.62996
196.03252
178.31055
173.21886
169.03941
165.46313
0.0
0.0
0.0
0.0
140.31137
143.61064
142.50983
141.42773
0.0
0.0
128.0746
127.299515
128.50479
0.0
0.0
0.0
0.0
0.0
0.0
128.00977
0.0
0.0
125.31183
127.16935
135.1075
123.45103
126.68458
134.201
149.84763
144.20879
142.04213
0.0
140.8825
139.03462
119.59761
115.540985
115.132996
113.73271
0.0
0.0
125.03492
0.0
0.0
0.0
0.0
0.0
0.0
0.0
0.0
135.24939
0.0
0.0
0.0
0.0
0.0
0.0
0.0
0.0
0.0
0.0
0.0
0.0
0.0
0.0
0.0
0.0
0.0
0.0
0.0
159.53802
183.54395
197.59796
0.0
0.0
0.0
0.0
0.0
0.0
0.0
0.0
0.0
0.0
0.0
0.0
0.0
126.6421
127.64002
127.160576
125.5318
0.0
0.0
125.90337
0.0
0.0
126.82126
126.13323
0.0
0.0
0.0
0.0
0.0
0.0
0.0
0.0
0.0
0.0
161.5429
135.6527
137.50954
133.4034
138.1423
0.0
125.42461
117.56722
111.7464
113.3421
113.09732
112.51028
113.30554
112.189644
112.34595
111.892815
111.72427
112.23443
113.22692
113.75853
114.88409
114.99504
113.29149
113.44662
112.38718
112.61382
112.52394
112.609825
112.21069
112.136986
112.578186
112.120636
0.0
0.0
0.0
0.0
0.0
0.0
0.0
0.0
0.0
0.0
0.0
0.0
0.0

